Emission ID: 1, Topics: [(7, 0.2893032), (11, 0.1611448), (2, 0.16000102), (6, 0.08252643), (10, 0.074185066), (3, 0.056984328), (5, 0.0545339), (8, 0.03525413), (9, 0.03498519), (1, 0.027856002), (4, 0.019755444)]
Emission ID: 2, Topics: [(7, 0.5115306), (2, 0.13367072), (1, 0.08207859), (5, 0.07298922), (3, 0.06710658), (9, 0.05340293), (8, 0.033069685), (10, 0.019911379), (6, 0.015131371)]
Emission ID: 3, Topics: [(2, 0.34104177), (7, 0.2688484), (11, 0.13324034), (10, 0.053058516), (6, 0.048905376), (5, 0.047368445), (3, 0.040119704), (9, 0.024401318), (1, 0.02064671), (8, 0.019280527)]
Emission ID: 4, Topics: [(11, 0.22604698), (10, 0.14977495), (5, 0.1264372), (2, 0.10751797), (1, 0.101688966), (8, 0.070974395), (3, 0.061144996), (7, 0.051833387), (6, 0.050071437), (9, 0.023431959), (0, 0.023365673)]
Emission ID: 5, Topics: [(6, 0.20288692), (2, 0.20283078), (11, 0.12521198), (7, 0.08653417), (8, 0.08176286), (3, 0.073546104), (10, 0.07178993), (4, 0.060346197), (9, 0.05029866), (0, 0.024825545), (1, 0.016021242)]
Emission ID: 6, Topics: [(2, 0.23988022), (6, 0.21106131), (11, 0.10258388), (7, 0.097022116), (3, 0.09513977), (10, 0.07431205), (9, 0.047292117), (5, 0.044424646), (8, 0.03426908), (1, 0.031314608), (4, 0.021792866)]
Emission ID: 7, Topics: [(2, 0.22302343), (6, 0.1781323), (3, 0.09817867), (4, 0.08419336), (7, 0.08323883), (11, 0.07700264), (5, 0.06144035), (9, 0.056608953), (8, 0.056547284), (10, 0.037472617), (1, 0.02419643), (0, 0.019965114)]
Emission ID: 8, Topics: [(2, 0.4641012), (11, 0.16915007), (6, 0.1005351), (10, 0.054825976), (3, 0.052564118), (7, 0.034057382), (8, 0.031916294), (9, 0.02989899), (5, 0.028838826), (1, 0.019689431), (4, 0.014397077)]
Emission ID: 9, Topics: [(10, 0.29394194), (2, 0.17089143), (11, 0.1368704), (5, 0.09482421), (1, 0.08201716), (3, 0.052579742), (8, 0.04137776), (6, 0.037770823), (0, 0.03578147), (7, 0.03311705), (9, 0.012560896)]
Emission ID: 10, Topics: [(4, 0.27369627), (11, 0.115501806), (2, 0.11102817), (5, 0.08307867), (10, 0.08305865), (7, 0.07284393), (3, 0.06781411), (6, 0.06086877), (9, 0.06078462), (1, 0.045357008), (8, 0.024058389)]
Emission ID: 11, Topics: [(6, 0.3219092), (7, 0.22579922), (11, 0.15230486), (2, 0.0834858), (10, 0.06923114), (1, 0.041434504), (8, 0.033073142), (9, 0.02253649), (5, 0.020295192), (3, 0.015404051), (4, 0.014290494)]
Emission ID: 12, Topics: [(5, 0.33756512), (3, 0.15224682), (11, 0.14077435), (2, 0.10066889), (8, 0.06304362), (10, 0.06158845), (6, 0.04263119), (1, 0.036480706), (7, 0.03271576), (9, 0.013146365), (0, 0.013096012)]
Emission ID: 13, Topics: [(8, 0.23779017), (5, 0.22958292), (10, 0.08430864), (2, 0.07919933), (3, 0.075802475), (1, 0.07151568), (11, 0.065756224), (6, 0.058931686), (7, 0.041846953), (0, 0.03247255), (4, 0.012719652), (9, 0.010073723)]
Emission ID: 14, Topics: [(8, 0.19816655), (5, 0.1882354), (1, 0.11457141), (11, 0.10495996), (10, 0.09984491), (3, 0.08393448), (2, 0.073871315), (7, 0.044703405), (6, 0.041827507), (0, 0.024285246), (4, 0.016378608)]
Emission ID: 15, Topics: [(5, 0.34481344), (8, 0.10156174), (11, 0.09729687), (10, 0.09331365), (1, 0.09004268), (2, 0.083066516), (3, 0.06594848), (6, 0.045763332), (7, 0.03314385), (9, 0.024873702), (4, 0.013110228)]
Emission ID: 16, Topics: [(5, 0.3287272), (10, 0.108567014), (11, 0.0986339), (8, 0.091508545), (2, 0.08227641), (1, 0.07267377), (3, 0.07083552), (6, 0.059054524), (7, 0.036514875), (0, 0.026152765), (4, 0.012774477), (9, 0.012281043)]
Emission ID: 17, Topics: [(4, 0.22130129), (2, 0.18132657), (11, 0.1656853), (10, 0.079145916), (3, 0.077673085), (5, 0.07593943), (6, 0.059658594), (1, 0.058644317), (8, 0.046017524), (7, 0.030419061)]
Emission ID: 18, Topics: [(6, 0.31049606), (2, 0.20829047), (11, 0.15159896), (8, 0.08570286), (3, 0.063499026), (7, 0.050000492), (10, 0.03743669), (4, 0.0358776), (5, 0.028254023), (9, 0.018123385)]
Emission ID: 19, Topics: [(11, 0.44678038), (2, 0.120580286), (10, 0.0961957), (3, 0.086119115), (5, 0.052757557), (1, 0.045590185), (6, 0.043870248), (7, 0.043585878), (8, 0.032298453), (9, 0.015826313)]
Emission ID: 20, Topics: [(8, 0.3286391), (10, 0.15260838), (7, 0.13433814), (2, 0.097216904), (3, 0.080209754), (11, 0.06488593), (5, 0.05772143), (1, 0.036721896), (4, 0.021981698), (6, 0.013932756), (9, 0.01166973)]
Emission ID: 21, Topics: [(10, 0.2724336), (2, 0.25206932), (5, 0.13625562), (11, 0.12821752), (3, 0.05902629), (6, 0.048906215), (7, 0.036616273), (1, 0.03632533), (9, 0.011353792)]
Emission ID: 22, Topics: [(11, 0.50426), (2, 0.13823964), (10, 0.08994391), (6, 0.04851907), (5, 0.04354345), (3, 0.03967862), (7, 0.039540127), (1, 0.029096866), (9, 0.026759498), (8, 0.025596194)]
Emission ID: 23, Topics: [(5, 0.2127261), (8, 0.17208554), (11, 0.09778996), (10, 0.09567799), (1, 0.09225745), (2, 0.086358555), (3, 0.08348043), (6, 0.049913503), (0, 0.04942993), (7, 0.034889832), (4, 0.013183675), (9, 0.012207028)]
Emission ID: 24, Topics: [(10, 0.23256248), (11, 0.20654197), (2, 0.11625141), (3, 0.080110274), (5, 0.07228103), (6, 0.070856236), (0, 0.05559905), (8, 0.050848097), (1, 0.05019229), (7, 0.0454489), (9, 0.0130690355)]
Emission ID: 25, Topics: [(8, 0.37438637), (2, 0.09723641), (5, 0.08904826), (11, 0.08544739), (10, 0.07934401), (6, 0.06621724), (3, 0.06102247), (1, 0.04814637), (7, 0.038347054), (9, 0.037472762), (0, 0.014061504)]
Emission ID: 26, Topics: [(10, 0.3489285), (1, 0.12027159), (5, 0.114657536), (3, 0.106589355), (11, 0.09096496), (2, 0.059889756), (6, 0.055283487), (8, 0.045877274), (7, 0.030710043), (9, 0.015575837)]
Emission ID: 27, Topics: [(11, 0.2666167), (2, 0.18078676), (10, 0.1611826), (5, 0.0921775), (7, 0.055043485), (1, 0.05041434), (8, 0.049914204), (6, 0.04786861), (3, 0.0435209), (9, 0.01955587), (0, 0.016910149), (4, 0.01600889)]
Emission ID: 28, Topics: [(5, 0.31713578), (11, 0.12271962), (2, 0.121798776), (1, 0.09949343), (10, 0.07882891), (3, 0.06540343), (8, 0.06261054), (6, 0.058264915), (7, 0.036172662), (9, 0.019274002), (4, 0.015733415)]
Emission ID: 29, Topics: [(3, 0.32883477), (11, 0.14175823), (5, 0.10865294), (10, 0.10694706), (2, 0.07740849), (1, 0.07639136), (6, 0.049486805), (7, 0.0404702), (8, 0.035996664), (9, 0.016695064)]
Emission ID: 30, Topics: [(2, 0.22771162), (11, 0.22221911), (7, 0.12336934), (10, 0.08706603), (6, 0.08297943), (5, 0.06569256), (3, 0.06337495), (1, 0.0379708), (9, 0.033490796), (8, 0.025555493), (4, 0.023693217)]
Emission ID: 31, Topics: [(0, 0.23089819), (2, 0.14562628), (11, 0.11189258), (3, 0.08782385), (6, 0.08650142), (8, 0.07376821), (1, 0.06448142), (10, 0.05714374), (4, 0.044441313), (5, 0.04288519), (7, 0.03594286), (9, 0.018595004)]
Emission ID: 32, Topics: [(4, 0.24197261), (6, 0.22913365), (3, 0.12079816), (5, 0.11444384), (2, 0.10441886), (9, 0.06309297), (7, 0.03606113), (8, 0.033223208), (0, 0.027315361), (10, 0.016243488), (11, 0.010175776)]
Emission ID: 33, Topics: [(1, 0.23406088), (3, 0.16574946), (2, 0.14381161), (10, 0.11186661), (8, 0.09476655), (5, 0.08477576), (11, 0.06925161), (6, 0.04544375), (7, 0.02108994), (9, 0.01889622), (4, 0.010196654)]
Emission ID: 34, Topics: [(7, 0.40974015), (10, 0.2309772), (6, 0.11035187), (11, 0.078584805), (3, 0.06509977), (2, 0.034597017), (0, 0.02592444), (1, 0.018356591), (5, 0.014918097)]
Emission ID: 35, Topics: [(2, 0.69367945), (11, 0.14681296), (6, 0.048137236), (5, 0.043039333), (4, 0.04200735)]
Emission ID: 36, Topics: [(2, 0.26237655), (6, 0.1799471), (3, 0.16390541), (4, 0.123584665), (7, 0.0865661), (0, 0.032190997), (1, 0.030267004), (10, 0.02947247), (8, 0.028571663), (9, 0.026288603), (11, 0.02211781), (5, 0.014711649)]
Emission ID: 37, Topics: [(4, 0.33019087), (6, 0.18039832), (3, 0.15142995), (9, 0.12503155), (2, 0.101267755), (7, 0.04064815), (0, 0.038193766), (5, 0.017997475)]
Emission ID: 38, Topics: [(11, 0.24634568), (7, 0.23355018), (5, 0.22787744), (2, 0.08246829), (10, 0.08143263), (3, 0.051499806), (1, 0.03820342), (6, 0.025309097)]
Emission ID: 39, Topics: [(2, 0.20366885), (6, 0.19636844), (5, 0.16039288), (11, 0.14263953), (10, 0.0781073), (7, 0.05961743), (3, 0.041783903), (1, 0.035594665), (9, 0.026034867), (8, 0.023708131), (4, 0.019417215), (0, 0.012666788)]
Emission ID: 40, Topics: [(6, 0.41003442), (2, 0.35015482), (3, 0.03366141), (5, 0.03223072), (8, 0.031025153), (1, 0.02747794), (11, 0.02737374), (7, 0.024670359), (10, 0.022212634), (4, 0.01615977), (9, 0.0153686805)]
Emission ID: 41, Topics: [(2, 0.21446165), (11, 0.14223361), (10, 0.13822228), (6, 0.118971854), (3, 0.07487365), (7, 0.07057518), (8, 0.07027433), (5, 0.06373516), (1, 0.042566493), (9, 0.028852215), (4, 0.020844126), (0, 0.014389428)]
Emission ID: 42, Topics: [(11, 0.22605307), (2, 0.18856467), (6, 0.13980787), (1, 0.11709731), (8, 0.08304769), (3, 0.07285412), (7, 0.05120426), (10, 0.047625236), (5, 0.0248563), (9, 0.024699027), (4, 0.024073027)]
Emission ID: 43, Topics: [(6, 0.77397925), (11, 0.10131809), (2, 0.047934588), (5, 0.03259822), (3, 0.016687429), (10, 0.012090726), (9, 0.010612774)]
Emission ID: 44, Topics: [(2, 0.261223), (10, 0.25226736), (8, 0.13505365), (6, 0.1307067), (9, 0.13064273), (3, 0.017711138), (5, 0.016953137), (1, 0.014461903), (11, 0.014431336), (7, 0.01297955)]
Emission ID: 45, Topics: [(5, 0.36509702), (11, 0.11566015), (8, 0.10363788), (2, 0.07920035), (10, 0.07534623), (3, 0.07188743), (1, 0.06882771), (6, 0.04273013), (7, 0.035200402), (0, 0.025693206), (9, 0.010063329)]
Emission ID: 46, Topics: [(4, 0.22642107), (2, 0.22324473), (6, 0.17600633), (9, 0.11450867), (5, 0.1101583), (3, 0.06027549), (7, 0.027762188), (1, 0.026865745), (8, 0.013261057), (0, 0.011644649)]
Emission ID: 47, Topics: [(6, 0.31422058), (2, 0.1703971), (4, 0.14106931), (3, 0.13106073), (7, 0.07398496), (8, 0.07265475), (0, 0.02425817), (5, 0.022518458), (1, 0.021510934), (9, 0.01795895)]
Emission ID: 48, Topics: [(8, 0.27709877), (5, 0.2066519), (11, 0.09808757), (10, 0.08455508), (2, 0.07842257), (3, 0.07445815), (1, 0.05371892), (6, 0.051788814), (7, 0.033147756), (0, 0.024110176), (9, 0.010043238)]
Emission ID: 49, Topics: [(2, 0.3543261), (6, 0.33978596), (11, 0.072059944), (10, 0.059411377), (5, 0.043108527), (1, 0.033793878), (7, 0.031594507), (3, 0.029281497), (8, 0.019887341), (9, 0.0130175585)]
Emission ID: 50, Topics: [(6, 0.40378466), (11, 0.12756778), (2, 0.10729708), (10, 0.06892698), (7, 0.06178998), (3, 0.06029616), (5, 0.04835974), (8, 0.036187097), (1, 0.035758603), (4, 0.024839748), (9, 0.021608716)]
Emission ID: 51, Topics: [(10, 0.31247953), (1, 0.2130983), (11, 0.10735361), (3, 0.09598977), (2, 0.07240878), (5, 0.05785009), (6, 0.04670294), (7, 0.03652468), (8, 0.024523668), (9, 0.014735), (0, 0.010717952)]
Emission ID: 52, Topics: [(6, 0.8054201), (11, 0.047362316), (2, 0.03269409), (8, 0.03237503), (3, 0.017289288), (7, 0.015404564), (10, 0.014634145), (9, 0.014293043), (4, 0.010886057)]
Emission ID: 53, Topics: [(4, 0.29287592), (11, 0.13187416), (2, 0.1246359), (10, 0.08538131), (3, 0.07994852), (1, 0.058314294), (5, 0.0577653), (6, 0.054113165), (7, 0.036679734), (9, 0.031047035), (8, 0.023884227), (0, 0.023480473)]
Emission ID: 54, Topics: [(2, 0.24825709), (6, 0.233727), (11, 0.10192495), (5, 0.078961805), (3, 0.07411759), (7, 0.058514442), (4, 0.05447802), (9, 0.052983195), (1, 0.038132515), (0, 0.03717478), (10, 0.021214422)]
Emission ID: 55, Topics: [(1, 0.32394272), (11, 0.17843212), (10, 0.13267925), (2, 0.08282506), (3, 0.069759876), (5, 0.05750571), (6, 0.04809721), (7, 0.045733385), (8, 0.024176626), (9, 0.016852673), (0, 0.011963017)]
Emission ID: 56, Topics: [(6, 0.29219407), (11, 0.1658341), (2, 0.11653785), (1, 0.10125896), (10, 0.09891347), (5, 0.0695469), (3, 0.047665942), (8, 0.041224886), (7, 0.033846185), (9, 0.017853191), (4, 0.011727332)]
Emission ID: 57, Topics: [(2, 0.24841642), (3, 0.17426175), (6, 0.13626482), (4, 0.13358726), (1, 0.069431655), (7, 0.054822404), (0, 0.042038664), (11, 0.039403144), (5, 0.03855669), (10, 0.03067109), (9, 0.016570078), (8, 0.01597607)]
Emission ID: 58, Topics: [(3, 0.36505276), (11, 0.2280805), (2, 0.108735606), (5, 0.08498526), (10, 0.056647744), (6, 0.056150228), (1, 0.032634903), (8, 0.027765129), (7, 0.024938975), (9, 0.013370142)]
Emission ID: 59, Topics: [(2, 0.25035697), (7, 0.18075448), (6, 0.12335246), (3, 0.10645379), (4, 0.08544643), (0, 0.057824697), (1, 0.055458426), (11, 0.045454886), (9, 0.034266837), (8, 0.0319793), (10, 0.015830081), (5, 0.01282162)]
Emission ID: 60, Topics: [(8, 0.21510279), (5, 0.19844045), (6, 0.11912119), (11, 0.09462276), (10, 0.080729164), (2, 0.0791468), (3, 0.05891687), (1, 0.05506243), (0, 0.050495844), (7, 0.023183241), (4, 0.01503729), (9, 0.010141217)]
Emission ID: 61, Topics: [(6, 0.46872598), (11, 0.14566699), (2, 0.1295057), (3, 0.054784574), (7, 0.04065103), (5, 0.036631163), (10, 0.033908144), (1, 0.029657954), (9, 0.027464448), (8, 0.016197514), (4, 0.015985252)]
Emission ID: 62, Topics: [(2, 0.23205256), (7, 0.14460756), (6, 0.121261805), (4, 0.096433766), (3, 0.09483935), (5, 0.06656447), (11, 0.04768884), (8, 0.044126052), (0, 0.04346331), (9, 0.040940925), (1, 0.03880413), (10, 0.029217217)]
Emission ID: 63, Topics: [(2, 0.14778802), (3, 0.10703838), (5, 0.102455705), (8, 0.09865383), (6, 0.08967645), (1, 0.08737806), (11, 0.08704665), (7, 0.07844516), (10, 0.07063494), (4, 0.05138721), (9, 0.048871595), (0, 0.03062402)]
Emission ID: 64, Topics: [(11, 0.27329648), (5, 0.22380641), (10, 0.09251429), (2, 0.0884809), (3, 0.07921482), (1, 0.05436986), (8, 0.048692703), (7, 0.044392064), (6, 0.040314727), (9, 0.025588661), (4, 0.019645201)]
Emission ID: 65, Topics: [(5, 0.21255721), (0, 0.20665681), (6, 0.16166563), (8, 0.11856287), (3, 0.06641512), (11, 0.06413104), (2, 0.05677923), (10, 0.050513033), (1, 0.029438594), (7, 0.020872314)]
Emission ID: 66, Topics: [(11, 0.34125978), (5, 0.21079215), (2, 0.09495043), (8, 0.08253594), (10, 0.064035855), (3, 0.060811333), (1, 0.036413267), (6, 0.034663457), (7, 0.028880265), (9, 0.020351855), (0, 0.015251034), (4, 0.010054664)]
Emission ID: 67, Topics: [(7, 0.6064477), (11, 0.12687868), (6, 0.10900243), (2, 0.07651146), (5, 0.021480788), (9, 0.018927593), (3, 0.014513145), (0, 0.014340697)]
Emission ID: 68, Topics: [(2, 0.3680158), (10, 0.12880653), (11, 0.10704869), (1, 0.08020721), (5, 0.07410277), (8, 0.0584234), (3, 0.055394053), (6, 0.051080674), (7, 0.034755297), (9, 0.01887354), (0, 0.017071223)]
Emission ID: 69, Topics: [(5, 0.19985877), (3, 0.19160344), (11, 0.12744616), (10, 0.11074503), (2, 0.10567088), (1, 0.08700926), (8, 0.049117662), (6, 0.04822082), (7, 0.04434052), (9, 0.02009448)]
Emission ID: 70, Topics: [(11, 0.3055681), (8, 0.1604638), (5, 0.14659935), (2, 0.09327625), (7, 0.07471591), (10, 0.06715613), (6, 0.049717646), (1, 0.031628646), (3, 0.030062547), (0, 0.026991503)]
Emission ID: 71, Topics: [(3, 0.41277668), (2, 0.17320338), (11, 0.0986864), (6, 0.059119534), (10, 0.058532905), (5, 0.052139454), (7, 0.050974518), (1, 0.0344626), (8, 0.026023727), (9, 0.018473152)]
Emission ID: 72, Topics: [(2, 0.2510136), (6, 0.23730785), (3, 0.14260668), (0, 0.09162849), (9, 0.052176863), (7, 0.051767234), (1, 0.04057049), (4, 0.03565866), (10, 0.031877257), (8, 0.028803786), (11, 0.021682974), (5, 0.014906116)]
Emission ID: 73, Topics: [(4, 0.3571272), (2, 0.1345051), (6, 0.11368801), (11, 0.11208179), (5, 0.06490167), (10, 0.060393512), (3, 0.044614263), (7, 0.037802346), (9, 0.028794087), (8, 0.024829753), (1, 0.02121899)]
Emission ID: 74, Topics: [(7, 0.7179011), (11, 0.12803999), (2, 0.11799799)]
Emission ID: 75, Topics: [(7, 0.22188246), (11, 0.1454979), (5, 0.1355243), (1, 0.109727435), (2, 0.10639784), (10, 0.101003796), (0, 0.05993993), (3, 0.0478517), (8, 0.039952766), (4, 0.01780811), (6, 0.014284958)]
Emission ID: 76, Topics: [(2, 0.18363291), (11, 0.14291273), (3, 0.11295274), (10, 0.11072893), (5, 0.094933346), (6, 0.08745645), (8, 0.07540715), (7, 0.071278386), (1, 0.04580038), (9, 0.030601947), (4, 0.023712488), (0, 0.02058256)]
Emission ID: 77, Topics: [(11, 0.21363181), (4, 0.20913193), (2, 0.1325843), (5, 0.0876986), (10, 0.08399069), (9, 0.07481593), (6, 0.047373865), (3, 0.046513364), (8, 0.03514411), (7, 0.033892654), (1, 0.029220916)]
Emission ID: 78, Topics: [(7, 0.34970543), (2, 0.17037538), (11, 0.12745924), (6, 0.09679418), (10, 0.04910872), (3, 0.044812243), (5, 0.042593323), (8, 0.041385785), (1, 0.034133032), (9, 0.026132299), (4, 0.01219099)]
Emission ID: 79, Topics: [(11, 0.175856), (2, 0.1610701), (5, 0.12908673), (3, 0.11029583), (1, 0.085995115), (6, 0.08391144), (10, 0.08300976), (7, 0.079515375), (8, 0.048403796), (9, 0.018695535), (4, 0.016501375)]
Emission ID: 80, Topics: [(10, 0.3383585), (2, 0.2187914), (11, 0.21710955), (5, 0.06850974), (3, 0.05852817), (6, 0.034650706), (7, 0.020649774), (8, 0.019059576), (1, 0.012206898)]
Emission ID: 81, Topics: [(2, 0.20945011), (6, 0.18984187), (11, 0.18015492), (7, 0.10110625), (10, 0.074015625), (1, 0.06157153), (3, 0.0611314), (5, 0.042273387), (9, 0.035760794), (8, 0.02762216), (4, 0.01705263)]
Emission ID: 82, Topics: [(6, 0.3658861), (11, 0.16575581), (2, 0.14478329), (7, 0.07650891), (3, 0.05017558), (5, 0.038204618), (10, 0.03662893), (9, 0.031914923), (1, 0.03014885), (4, 0.026482109), (8, 0.020510705), (0, 0.013000198)]
Emission ID: 83, Topics: [(5, 0.44044927), (0, 0.25181106), (11, 0.16170907), (2, 0.02765118), (3, 0.020077765), (8, 0.018496906), (6, 0.016801385), (1, 0.01635157), (7, 0.014676622), (10, 0.013217362)]
Emission ID: 84, Topics: [(1, 0.507467), (3, 0.1296963), (5, 0.097654745), (10, 0.092028156), (11, 0.08319796), (2, 0.031442918), (6, 0.028578725), (7, 0.017054394)]
Emission ID: 85, Topics: [(7, 0.40496403), (11, 0.11611983), (3, 0.109303325), (5, 0.103777245), (2, 0.09794611), (1, 0.04503462), (10, 0.03356939), (8, 0.032950457), (6, 0.028765576), (0, 0.019557139)]
Emission ID: 86, Topics: [(1, 0.39691097), (11, 0.13244522), (2, 0.08943396), (8, 0.088616066), (5, 0.08537511), (10, 0.077235095), (6, 0.0441823), (7, 0.03774357), (3, 0.03373156), (9, 0.011514446)]
Emission ID: 87, Topics: [(10, 0.18198772), (11, 0.16744134), (2, 0.124729), (0, 0.121730566), (1, 0.08242545), (3, 0.07759919), (5, 0.07163635), (6, 0.059339434), (7, 0.043121066), (9, 0.026758796), (8, 0.02576351), (4, 0.017467545)]
Emission ID: 88, Topics: [(8, 0.47671402), (2, 0.085799895), (3, 0.062142257), (5, 0.059481736), (6, 0.0520626), (1, 0.050728254), (11, 0.05053585), (7, 0.045542162), (10, 0.041007858), (4, 0.029833386), (9, 0.02837292), (0, 0.017779097)]
Emission ID: 89, Topics: [(8, 0.31501427), (11, 0.12621209), (10, 0.11016375), (2, 0.10107489), (1, 0.08385482), (5, 0.07516506), (3, 0.05581475), (6, 0.049017802), (7, 0.044854965), (9, 0.0141779985), (0, 0.014084834), (4, 0.010564792)]
Emission ID: 90, Topics: [(1, 0.2603094), (5, 0.16273344), (11, 0.10908562), (2, 0.091459885), (10, 0.09110214), (8, 0.08521025), (3, 0.08177185), (6, 0.056305468), (7, 0.030952742), (9, 0.014385353), (4, 0.010977017)]
Emission ID: 91, Topics: [(3, 0.5372727), (1, 0.2468345), (0, 0.12009261), (11, 0.058183987)]
Emission ID: 92, Topics: [(6, 0.29532927), (2, 0.16548586), (1, 0.14428483), (5, 0.1036492), (11, 0.085625954), (8, 0.08055134), (10, 0.056370124), (3, 0.034709584), (7, 0.020868551)]
Emission ID: 93, Topics: [(4, 0.54653996), (2, 0.104039125), (6, 0.09779542), (11, 0.08510353), (3, 0.033021495), (5, 0.031122388), (7, 0.030516157), (10, 0.021827491), (9, 0.021615218), (1, 0.019621313)]
Emission ID: 94, Topics: [(2, 0.38529593), (11, 0.12008563), (10, 0.1041347), (5, 0.08482849), (8, 0.072358415), (1, 0.05848892), (6, 0.047887973), (3, 0.047818746), (7, 0.039466683), (4, 0.020338017), (9, 0.012294023)]
Emission ID: 95, Topics: [(7, 0.4739497), (0, 0.2379556), (2, 0.10390789), (6, 0.052453183), (4, 0.050566997), (3, 0.048928086)]
Emission ID: 96, Topics: [(10, 0.17538738), (1, 0.16179705), (11, 0.1554576), (2, 0.13257298), (5, 0.09573592), (3, 0.08576005), (6, 0.05770744), (8, 0.056202173), (7, 0.05024662), (9, 0.0136694405)]
Emission ID: 97, Topics: [(11, 0.45109236), (10, 0.13694967), (2, 0.105933055), (4, 0.06576949), (5, 0.048759736), (6, 0.048102546), (3, 0.04027453), (8, 0.033884443), (7, 0.033035915), (1, 0.023395037)]
Emission ID: 98, Topics: [(2, 0.28197873), (7, 0.1585352), (11, 0.14087664), (3, 0.10056542), (9, 0.09370541), (10, 0.052893307), (6, 0.048219338), (5, 0.03731422), (8, 0.03336715), (4, 0.029159363), (1, 0.023285702)]
Emission ID: 99, Topics: [(2, 0.19273236), (3, 0.12594867), (10, 0.11561352), (1, 0.10110055), (6, 0.08754391), (4, 0.07073002), (0, 0.061707497), (11, 0.05951165), (9, 0.053128697), (5, 0.051401604), (7, 0.04274097), (8, 0.037840534)]
Emission ID: 100, Topics: [(11, 0.19022399), (9, 0.18000363), (10, 0.14646322), (1, 0.09602627), (2, 0.090250544), (3, 0.07858516), (5, 0.06775829), (6, 0.047513716), (8, 0.04554637), (7, 0.04170458)]
Emission ID: 101, Topics: [(9, 0.29042315), (2, 0.18335234), (11, 0.15221883), (10, 0.099961504), (5, 0.07087874), (3, 0.056015003), (1, 0.043174036), (7, 0.03988786), (6, 0.035722774), (4, 0.013510272)]
Emission ID: 102, Topics: [(2, 0.18410887), (6, 0.17765634), (11, 0.15285735), (7, 0.11186868), (3, 0.10280184), (8, 0.07781275), (5, 0.055308077), (4, 0.044836972), (9, 0.038446914), (1, 0.023306448), (10, 0.022063358)]
Emission ID: 103, Topics: [(3, 0.43587136), (10, 0.20473504), (2, 0.08654588), (1, 0.085511915), (11, 0.061429087), (5, 0.045917), (8, 0.039663486), (6, 0.015727352), (7, 0.012820594)]
Emission ID: 104, Topics: [(0, 0.18074502), (5, 0.17070223), (10, 0.13376993), (11, 0.09814448), (8, 0.09458506), (3, 0.091641754), (2, 0.08417599), (1, 0.055078816), (6, 0.03659672), (7, 0.03160823), (9, 0.014807483)]
Emission ID: 105, Topics: [(0, 0.27735013), (5, 0.1430741), (8, 0.09777372), (11, 0.091396146), (10, 0.08980675), (2, 0.077953875), (3, 0.06670685), (1, 0.06615549), (6, 0.037454765), (7, 0.035367843)]
Emission ID: 106, Topics: [(8, 0.26885745), (10, 0.2445963), (9, 0.23796792), (2, 0.04720646), (3, 0.033989146), (5, 0.032533955), (6, 0.02851002), (1, 0.027746176), (11, 0.027640939), (7, 0.024909606), (4, 0.01631758)]
Emission ID: 107, Topics: [(10, 0.40547058), (11, 0.10307265), (2, 0.09157015), (1, 0.078759305), (5, 0.07774978), (3, 0.06662664), (7, 0.051264443), (6, 0.046221536), (8, 0.039553054), (0, 0.026060792), (9, 0.011480372)]
Emission ID: 108, Topics: [(3, 0.5908799), (10, 0.12544467), (5, 0.07535283), (2, 0.06474984), (11, 0.052768294), (6, 0.04711457), (9, 0.020550972), (7, 0.020251136)]
Emission ID: 109, Topics: [(6, 0.4672069), (11, 0.1873531), (2, 0.098806195), (10, 0.051034775), (3, 0.03947195), (7, 0.036169413), (9, 0.032540485), (5, 0.031031685), (8, 0.029225562), (1, 0.020757422)]
Emission ID: 110, Topics: [(3, 0.38954502), (2, 0.19685788), (5, 0.10432425), (11, 0.10097481), (1, 0.06198546), (10, 0.057284366), (6, 0.0433201), (7, 0.015971381), (4, 0.015329829)]
Emission ID: 111, Topics: [(8, 0.34189412), (11, 0.12772226), (1, 0.118071444), (2, 0.10669764), (10, 0.07336651), (5, 0.05415642), (6, 0.0527175), (7, 0.04878002), (3, 0.04741416), (9, 0.019583125)]
Emission ID: 112, Topics: [(8, 0.26448947), (10, 0.12026104), (11, 0.10682028), (5, 0.10368361), (2, 0.10209344), (1, 0.07166354), (7, 0.063207224), (6, 0.058302443), (3, 0.055782728), (0, 0.030230086), (9, 0.013361261), (4, 0.010104911)]
Emission ID: 113, Topics: [(10, 0.34923384), (11, 0.1362485), (1, 0.12996577), (7, 0.074935816), (5, 0.07247051), (2, 0.07189028), (3, 0.05291935), (6, 0.038269967), (8, 0.03368745), (0, 0.01617447), (9, 0.015415953)]
Emission ID: 114, Topics: [(9, 0.2842796), (11, 0.21156009), (7, 0.17710303), (6, 0.17595188), (2, 0.032305304), (3, 0.02320599), (5, 0.022309061), (8, 0.021352371), (1, 0.01890534), (10, 0.015283109), (4, 0.011118291)]
Emission ID: 115, Topics: [(11, 0.36124352), (6, 0.16004436), (10, 0.10714091), (5, 0.09637523), (2, 0.08241595), (3, 0.049726896), (7, 0.046749566), (8, 0.04393132), (1, 0.03838936), (9, 0.013576707)]
Emission ID: 116, Topics: [(11, 0.15345566), (3, 0.14771138), (2, 0.14029922), (5, 0.13984302), (10, 0.10530696), (1, 0.08264714), (6, 0.072210796), (8, 0.052839942), (7, 0.05128867), (4, 0.020913495), (0, 0.017279489), (9, 0.016204225)]
Emission ID: 117, Topics: [(4, 0.22570731), (2, 0.18707699), (10, 0.12346384), (5, 0.122055225), (11, 0.09487465), (3, 0.09375699), (1, 0.06103604), (8, 0.040010758), (7, 0.016553555), (6, 0.012977318), (9, 0.012022985), (0, 0.010464303)]
Emission ID: 118, Topics: [(6, 0.26758274), (7, 0.20273425), (2, 0.13049997), (3, 0.11366616), (5, 0.097349204), (8, 0.06950043), (9, 0.037165858), (11, 0.03598081), (4, 0.019385664), (10, 0.014005033), (1, 0.011903717)]
Emission ID: 119, Topics: [(2, 0.368005), (6, 0.14093998), (11, 0.114918865), (3, 0.06656879), (5, 0.06438247), (10, 0.05706752), (7, 0.046602447), (9, 0.04076235), (1, 0.034490623), (8, 0.034320828), (4, 0.016563393), (0, 0.015377761)]
Emission ID: 120, Topics: [(2, 0.68278337), (11, 0.07860194), (6, 0.06189805), (10, 0.04247098), (7, 0.038460795), (8, 0.034305688), (1, 0.025135633), (5, 0.0188194), (3, 0.01645863)]
Emission ID: 121, Topics: [(7, 0.43467805), (6, 0.13751395), (2, 0.07793944), (8, 0.06636972), (1, 0.06622801), (9, 0.06557017), (3, 0.05347882), (4, 0.044714276), (11, 0.03205984), (5, 0.020152822)]
Emission ID: 122, Topics: [(8, 0.35429743), (3, 0.25724143), (1, 0.15007696), (0, 0.12608545), (2, 0.024569415), (5, 0.017015953), (6, 0.0148805175), (11, 0.014441392), (7, 0.013039733), (10, 0.011718539)]
Emission ID: 123, Topics: [(2, 0.50647104), (3, 0.0619896), (5, 0.059333935), (8, 0.05713182), (6, 0.051933248), (1, 0.050601635), (11, 0.050409783), (7, 0.04542847), (10, 0.040905286), (4, 0.029758723), (9, 0.02830191), (0, 0.0177346)]
Emission ID: 124, Topics: [(10, 0.29466632), (6, 0.18296118), (2, 0.16808897), (11, 0.09363834), (8, 0.06487164), (3, 0.056458414), (1, 0.04202737), (5, 0.037881687), (7, 0.02626389), (9, 0.014874817), (4, 0.011499274)]
Emission ID: 125, Topics: [(2, 0.3468077), (11, 0.1587795), (5, 0.11656236), (10, 0.09009503), (8, 0.077115394), (3, 0.06652995), (1, 0.056912284), (6, 0.03765021), (7, 0.026502924), (9, 0.012217586)]
Emission ID: 126, Topics: [(10, 0.493341), (5, 0.16886497), (3, 0.11276821), (1, 0.07676099), (11, 0.06853635), (2, 0.040078934), (0, 0.013879938), (6, 0.010922876)]
Emission ID: 127, Topics: [(1, 0.55480504), (2, 0.10738214), (5, 0.09293382), (10, 0.07928956), (8, 0.06887643), (11, 0.04382527), (6, 0.024142742), (7, 0.021344556)]
Emission ID: 128, Topics: [(2, 0.407864), (11, 0.1862824), (5, 0.11169625), (6, 0.08182066), (10, 0.074472785), (3, 0.04447106), (9, 0.0413946), (7, 0.023200436), (8, 0.021606324)]
Emission ID: 129, Topics: [(9, 0.3891569), (2, 0.15980554), (11, 0.09415337), (6, 0.067144945), (3, 0.060475975), (8, 0.055379782), (10, 0.046741765), (7, 0.041729853), (5, 0.039281916), (1, 0.033226445), (4, 0.01057702)]
Emission ID: 130, Topics: [(3, 0.34866086), (5, 0.12529042), (10, 0.09915634), (1, 0.092099585), (11, 0.079698466), (2, 0.06992635), (8, 0.05035199), (6, 0.045692746), (0, 0.039298866), (7, 0.028662506), (4, 0.011116611), (9, 0.010045303)]
Emission ID: 131, Topics: [(11, 0.5506061), (0, 0.101560056), (6, 0.064253554), (8, 0.053497966), (2, 0.050746795), (10, 0.042596895), (3, 0.03667442), (5, 0.033530653), (1, 0.026513955), (7, 0.02110404), (9, 0.018683722)]
Emission ID: 132, Topics: [(2, 0.27599528), (3, 0.25961897), (4, 0.24595422), (5, 0.032257605), (8, 0.031060286), (6, 0.028234243), (1, 0.027509963), (11, 0.02740569), (7, 0.024697535), (10, 0.022238337), (9, 0.015386434)]
Emission ID: 133, Topics: [(4, 0.37132624), (2, 0.21543397), (6, 0.20488249), (3, 0.08951845), (7, 0.06764851), (5, 0.024836026)]
Emission ID: 134, Topics: [(11, 0.31129947), (8, 0.20076053), (2, 0.16765563), (10, 0.07144779), (6, 0.058294963), (3, 0.057382792), (7, 0.039166633), (5, 0.03831568), (1, 0.027982283), (9, 0.02759485)]
Emission ID: 135, Topics: [(8, 0.22571665), (2, 0.15292974), (11, 0.13630298), (3, 0.098188795), (5, 0.09023211), (6, 0.0819113), (1, 0.058467943), (7, 0.056903195), (10, 0.05516059), (9, 0.023723703), (4, 0.015792463)]
Emission ID: 136, Topics: [(2, 0.4041557), (11, 0.12618151), (1, 0.08153116), (10, 0.07960676), (3, 0.06276368), (5, 0.060121045), (8, 0.054167632), (6, 0.05246021), (7, 0.034220986), (9, 0.02402409), (0, 0.014728759)]
Emission ID: 137, Topics: [(11, 0.22050685), (7, 0.18756175), (2, 0.18159078), (5, 0.0900325), (10, 0.08236852), (3, 0.058332305), (6, 0.057396505), (1, 0.050802547), (8, 0.031520616), (9, 0.022591779), (4, 0.013466488)]
Emission ID: 138, Topics: [(0, 0.2958552), (5, 0.13850309), (10, 0.11748218), (11, 0.089466885), (8, 0.07810797), (3, 0.068318315), (2, 0.06468336), (1, 0.059956606), (6, 0.04059629), (7, 0.02856443), (9, 0.01181945)]
Emission ID: 139, Topics: [(5, 0.36628234), (2, 0.11549467), (11, 0.104155734), (6, 0.09950646), (10, 0.09432759), (3, 0.08297348), (7, 0.04784607), (1, 0.033262875), (0, 0.016802533), (9, 0.016167464), (4, 0.014118789)]
Emission ID: 140, Topics: [(2, 0.45263943), (4, 0.20628183), (3, 0.17265472), (6, 0.13979556)]
Emission ID: 141, Topics: [(11, 0.500863), (2, 0.10975278), (10, 0.08642301), (5, 0.075188175), (3, 0.055831578), (1, 0.047217015), (8, 0.034894146), (6, 0.030502852), (7, 0.028985696), (9, 0.01783026)]
Emission ID: 142, Topics: [(2, 0.14779684), (3, 0.10703972), (5, 0.10245487), (8, 0.09865267), (6, 0.08967577), (1, 0.08737677), (11, 0.087045446), (7, 0.078443974), (10, 0.070633635), (4, 0.05138621), (9, 0.04887064), (0, 0.030623423)]
Emission ID: 143, Topics: [(5, 0.34936684), (8, 0.15341067), (11, 0.09872367), (2, 0.0870609), (10, 0.07708966), (3, 0.07197529), (1, 0.046618003), (6, 0.03761085), (7, 0.030082585), (0, 0.021611897), (9, 0.01970117)]
Emission ID: 144, Topics: [(1, 0.28917202), (11, 0.15924671), (2, 0.12278678), (10, 0.11812107), (5, 0.06968484), (6, 0.064827114), (3, 0.061363243), (8, 0.04342963), (7, 0.036868162), (9, 0.019679578)]
Emission ID: 145, Topics: [(8, 0.2827453), (5, 0.13619296), (2, 0.123745635), (11, 0.09352519), (3, 0.066746995), (10, 0.06577087), (6, 0.061634857), (9, 0.050844427), (1, 0.047042355), (7, 0.042730093), (4, 0.018620731), (0, 0.010400571)]
Emission ID: 146, Topics: [(9, 0.37562796), (10, 0.28511238), (6, 0.15920042), (2, 0.11350922), (3, 0.011082985), (5, 0.010599063), (8, 0.010208365)]
Emission ID: 147, Topics: [(11, 0.2555343), (2, 0.19166535), (10, 0.1497147), (5, 0.116927505), (3, 0.0710663), (1, 0.062186573), (6, 0.04473144), (7, 0.039141692), (8, 0.026406199), (9, 0.018764246), (4, 0.016731225)]
Emission ID: 148, Topics: [(8, 0.22014163), (5, 0.16567847), (1, 0.114128746), (10, 0.10192246), (11, 0.101030335), (2, 0.081573114), (3, 0.072090544), (6, 0.052811716), (0, 0.034176707), (7, 0.032804888), (9, 0.012829644), (4, 0.010811717)]
Emission ID: 149, Topics: [(7, 0.22533643), (11, 0.18803556), (5, 0.14980379), (1, 0.101294905), (2, 0.09004496), (8, 0.056364734), (10, 0.044762865), (6, 0.034958914), (3, 0.03391989), (0, 0.0316115), (9, 0.029571803), (4, 0.014294681)]
Emission ID: 150, Topics: [(2, 0.27724692), (7, 0.21193776), (6, 0.11712277), (11, 0.10815426), (3, 0.07999013), (9, 0.06368929), (4, 0.05165512), (0, 0.028529773), (8, 0.021838913), (5, 0.018603407), (1, 0.015555017)]
Emission ID: 151, Topics: [(1, 0.3741361), (3, 0.25150588), (5, 0.18108639), (10, 0.065015815), (11, 0.064954534), (8, 0.028889434), (2, 0.016812077), (9, 0.013810609)]
Emission ID: 152, Topics: [(8, 0.31245914), (5, 0.13974668), (1, 0.083225206), (11, 0.082920425), (10, 0.07632024), (6, 0.07460086), (2, 0.073934786), (3, 0.062060017), (0, 0.033080354), (7, 0.028255515), (4, 0.020079564), (9, 0.013317217)]
Emission ID: 153, Topics: [(2, 0.24684727), (11, 0.22604497), (10, 0.09271505), (6, 0.08464311), (7, 0.070066564), (5, 0.06568135), (3, 0.06124695), (8, 0.046937484), (1, 0.0456223), (9, 0.043566268), (4, 0.013395071)]
Emission ID: 154, Topics: [(8, 0.2480736), (0, 0.13085368), (5, 0.13051574), (11, 0.11430372), (2, 0.09409673), (3, 0.06681267), (6, 0.054002434), (10, 0.052105192), (1, 0.046752688), (7, 0.033518903), (9, 0.018529085), (4, 0.010435602)]
Emission ID: 155, Topics: [(2, 0.28730673), (11, 0.2688423), (5, 0.0911191), (10, 0.08139288), (3, 0.06173964), (8, 0.050719377), (6, 0.046992455), (0, 0.037338335), (7, 0.03164197), (1, 0.022154545), (9, 0.010875783)]
Emission ID: 156, Topics: [(1, 0.21853949), (2, 0.15433352), (11, 0.14504096), (8, 0.11135327), (10, 0.10532866), (5, 0.08939921), (3, 0.05074235), (6, 0.042950317), (7, 0.040545072), (9, 0.021826625), (4, 0.013909937)]
Emission ID: 157, Topics: [(4, 0.17941456), (5, 0.16399251), (3, 0.15676141), (11, 0.14321971), (10, 0.13029306), (2, 0.07869724), (1, 0.04827318), (7, 0.031126881), (6, 0.03099159), (9, 0.019917406), (8, 0.017248858)]
Emission ID: 158, Topics: [(11, 0.1768418), (5, 0.1732434), (3, 0.14089566), (2, 0.124570094), (10, 0.114258975), (1, 0.096426405), (6, 0.088173665), (9, 0.031700056), (7, 0.025596466), (8, 0.017605864)]
Emission ID: 159, Topics: [(5, 0.3923322), (11, 0.1246243), (2, 0.08555473), (10, 0.08519998), (8, 0.08018658), (3, 0.07341736), (1, 0.059847362), (6, 0.037542496), (7, 0.027003136), (0, 0.012721125), (9, 0.0126767075)]
Emission ID: 160, Topics: [(5, 0.26457307), (8, 0.16870925), (2, 0.12455967), (11, 0.09525056), (10, 0.080640405), (3, 0.079070464), (1, 0.06133165), (6, 0.04932878), (7, 0.03361255), (0, 0.018218074), (9, 0.017423041)]
Emission ID: 161, Topics: [(2, 0.48053917), (4, 0.23806086), (7, 0.097638324), (3, 0.09453452), (6, 0.07195936)]
Emission ID: 162, Topics: [(2, 0.18071102), (7, 0.14490518), (11, 0.13696545), (8, 0.113353066), (10, 0.104192734), (5, 0.0982559), (3, 0.09382192), (6, 0.03974286), (1, 0.03880875), (0, 0.034976594)]
Emission ID: 163, Topics: [(10, 0.19963932), (5, 0.14602414), (11, 0.12383813), (3, 0.12048801), (2, 0.089291744), (1, 0.08411593), (0, 0.060037144), (6, 0.058949944), (8, 0.058834717), (7, 0.04642931)]
Emission ID: 164, Topics: [(11, 0.40475094), (2, 0.15475291), (5, 0.0789803), (9, 0.077498466), (10, 0.06852124), (1, 0.056190714), (3, 0.042970624), (6, 0.037285503), (7, 0.03627219), (8, 0.030428879), (4, 0.010064042)]
Emission ID: 165, Topics: [(8, 0.22620174), (5, 0.20419629), (1, 0.13581036), (11, 0.106977396), (10, 0.08920206), (2, 0.07084897), (6, 0.050159466), (3, 0.043797888), (7, 0.039611872), (9, 0.011337381), (0, 0.011099456), (4, 0.010757112)]
Emission ID: 166, Topics: [(6, 0.33920223), (7, 0.33609247), (2, 0.05773561), (3, 0.0417863), (5, 0.039985042), (8, 0.038499247), (1, 0.03409733), (11, 0.033968866), (10, 0.027562376), (4, 0.020051336), (9, 0.019069728), (0, 0.011949508)]
Emission ID: 167, Topics: [(8, 0.31622738), (5, 0.14370984), (11, 0.10090424), (1, 0.083822615), (10, 0.07571796), (2, 0.07165051), (3, 0.065044895), (6, 0.05416008), (7, 0.03308901), (0, 0.023507325), (4, 0.01775395), (9, 0.0144122075)]
Emission ID: 168, Topics: [(2, 0.23938717), (11, 0.1755194), (10, 0.10243852), (6, 0.09307841), (3, 0.08876695), (5, 0.07122983), (7, 0.06094764), (8, 0.049684398), (1, 0.042570304), (9, 0.032846034), (4, 0.025336703), (0, 0.01819459)]
Emission ID: 169, Topics: [(2, 0.3139166), (11, 0.1230087), (3, 0.1108051), (7, 0.07434205), (5, 0.0681729), (6, 0.063875645), (1, 0.062480163), (10, 0.06194042), (8, 0.061642244), (9, 0.04010477), (4, 0.010528208)]
Emission ID: 170, Topics: [(4, 0.3601283), (2, 0.107425384), (6, 0.09570301), (3, 0.08800691), (5, 0.07556087), (7, 0.06554525), (1, 0.056780923), (11, 0.05339971), (10, 0.036597002), (9, 0.033221677), (8, 0.023390181)]
Emission ID: 171, Topics: [(11, 0.22035238), (2, 0.2101396), (10, 0.14711449), (5, 0.09765707), (7, 0.07489356), (3, 0.06704655), (6, 0.061462954), (1, 0.04366063), (8, 0.02740423), (9, 0.025175737), (4, 0.022324951)]
Emission ID: 172, Topics: [(10, 0.25419784), (5, 0.25374943), (6, 0.17167668), (1, 0.16705403), (9, 0.08627877), (2, 0.016462624), (3, 0.012004787), (8, 0.010997104)]
Emission ID: 173, Topics: [(2, 0.38240665), (6, 0.18220988), (8, 0.1665072), (11, 0.11960605), (10, 0.07877049), (3, 0.035568576), (7, 0.021261418), (9, 0.0108475955)]
Emission ID: 174, Topics: [(10, 0.27337956), (2, 0.20069054), (6, 0.13106188), (11, 0.11675323), (7, 0.06826405), (3, 0.06046395), (8, 0.05414545), (5, 0.05404219), (4, 0.021166982), (9, 0.011158032)]
Emission ID: 175, Topics: [(0, 0.2401938), (8, 0.15589274), (5, 0.15357955), (11, 0.08997591), (2, 0.08828104), (3, 0.06752881), (10, 0.064394474), (1, 0.06354871), (6, 0.033259563), (7, 0.03003455)]
Emission ID: 176, Topics: [(3, 0.43451634), (4, 0.1612111), (7, 0.09105119), (6, 0.08586335), (11, 0.060072582), (2, 0.054056894), (5, 0.045670226), (10, 0.025089793), (1, 0.017119082), (9, 0.017030632)]
Emission ID: 177, Topics: [(1, 0.27671164), (5, 0.16278912), (10, 0.12546556), (11, 0.099358216), (8, 0.09424805), (2, 0.07853072), (6, 0.045781534), (3, 0.042954046), (7, 0.03211655), (9, 0.026143163)]
Emission ID: 178, Topics: [(3, 0.37196335), (2, 0.13848984), (1, 0.13366659), (6, 0.08067408), (10, 0.07295784), (11, 0.06580047), (5, 0.060905755), (8, 0.031000454), (7, 0.020790422), (9, 0.013471979), (4, 0.010166211)]
Emission ID: 179, Topics: [(10, 0.2341425), (11, 0.2224253), (1, 0.11809507), (2, 0.10095198), (5, 0.08344326), (7, 0.066149294), (8, 0.06219037), (3, 0.050176088), (6, 0.03461987), (9, 0.015955923)]
Emission ID: 180, Topics: [(6, 0.29241025), (2, 0.18039355), (11, 0.12083262), (8, 0.09165171), (3, 0.07854549), (5, 0.057188027), (4, 0.045389805), (7, 0.042581823), (9, 0.033057302), (1, 0.032981437), (10, 0.018483352)]
Emission ID: 181, Topics: [(6, 0.23896846), (4, 0.18188013), (2, 0.15480883), (3, 0.15162857), (7, 0.113534786), (10, 0.0480037), (8, 0.041499365), (9, 0.02662028), (0, 0.022503728), (5, 0.018710347)]
Emission ID: 182, Topics: [(11, 0.42718434), (7, 0.20294425), (2, 0.1278863), (5, 0.10305018), (6, 0.047145803), (3, 0.03289578), (9, 0.02356391), (10, 0.018520681), (8, 0.014354462)]
Emission ID: 183, Topics: [(5, 0.46203992), (4, 0.16884299), (2, 0.14462283), (6, 0.10675919), (3, 0.07781726), (7, 0.014288757), (11, 0.012464706), (0, 0.01076185)]
Emission ID: 184, Topics: [(2, 0.19221714), (3, 0.12943345), (11, 0.11888271), (5, 0.09958247), (10, 0.09550516), (7, 0.09091028), (1, 0.08850781), (8, 0.07714684), (6, 0.061586145), (4, 0.027752439), (9, 0.01843371)]
Emission ID: 185, Topics: [(1, 0.1823378), (3, 0.15370862), (5, 0.12206571), (2, 0.120688155), (7, 0.11880034), (11, 0.081985034), (10, 0.08027478), (6, 0.057237417), (0, 0.04178089), (4, 0.026037848), (8, 0.011087042)]
Emission ID: 186, Topics: [(2, 0.31190252), (11, 0.16848649), (6, 0.10952916), (10, 0.079929374), (7, 0.06314624), (1, 0.06187756), (5, 0.05577032), (3, 0.05481717), (8, 0.035591416), (9, 0.030899575), (4, 0.021638358)]
Emission ID: 187, Topics: [(11, 0.32024795), (5, 0.15954323), (2, 0.13219276), (10, 0.07129996), (9, 0.06708869), (6, 0.054470543), (3, 0.050242517), (7, 0.039759785), (1, 0.03720938), (4, 0.031249413), (8, 0.0309771)]
Emission ID: 188, Topics: [(6, 0.24147992), (4, 0.18442154), (11, 0.17162213), (2, 0.0921768), (7, 0.07921927), (3, 0.06669407), (5, 0.048577238), (10, 0.045402933), (9, 0.023856815), (1, 0.02313546), (8, 0.018710751)]
Emission ID: 189, Topics: [(1, 0.32004568), (10, 0.18038467), (11, 0.1105068), (2, 0.093350634), (5, 0.073557295), (3, 0.059559014), (8, 0.05600785), (6, 0.040676516), (7, 0.034622442), (9, 0.020011958)]
Emission ID: 190, Topics: [(10, 0.25903642), (11, 0.22118795), (6, 0.11784691), (3, 0.11711193), (2, 0.07598552), (5, 0.060707584), (8, 0.0430294), (1, 0.036526386), (7, 0.03408826), (9, 0.013643137), (4, 0.0123272855)]
Emission ID: 191, Topics: [(2, 0.34369984), (11, 0.16036355), (6, 0.0959855), (10, 0.08495909), (3, 0.07394361), (5, 0.0706185), (7, 0.048619445), (1, 0.03953526), (9, 0.034821913), (8, 0.030867245), (4, 0.012426334)]
Emission ID: 192, Topics: [(11, 0.29782894), (10, 0.20244351), (8, 0.1299753), (5, 0.112888806), (3, 0.10144191), (6, 0.05867732), (7, 0.03611125), (2, 0.030100001), (1, 0.028798979)]
Emission ID: 193, Topics: [(8, 0.2841077), (1, 0.18935856), (10, 0.10020943), (2, 0.09066758), (11, 0.07829127), (5, 0.069464624), (7, 0.05577376), (6, 0.049114853), (3, 0.044291656), (9, 0.016952861), (0, 0.015889585)]
Emission ID: 194, Topics: [(11, 0.23289727), (2, 0.1753321), (10, 0.14920108), (1, 0.12896524), (5, 0.07723901), (3, 0.057586554), (6, 0.054590248), (8, 0.045888096), (7, 0.042007037), (9, 0.02404809), (4, 0.012225765)]
Emission ID: 195, Topics: [(11, 0.14858559), (10, 0.13426508), (3, 0.13361253), (5, 0.109199725), (2, 0.10483477), (1, 0.103890635), (8, 0.08160083), (6, 0.06278908), (7, 0.05891639), (0, 0.023761708), (4, 0.02138198), (9, 0.01716163)]
Emission ID: 196, Topics: [(2, 0.17730758), (11, 0.13159977), (3, 0.12231046), (4, 0.11607621), (10, 0.09608719), (1, 0.08578196), (6, 0.07849382), (5, 0.060785167), (8, 0.05455364), (0, 0.038679305), (9, 0.038052477)]
Emission ID: 197, Topics: [(2, 0.14780228), (3, 0.10704041), (5, 0.1024543), (8, 0.098651946), (6, 0.08967538), (1, 0.08737598), (11, 0.08704475), (7, 0.07844328), (10, 0.07063286), (4, 0.051385622), (9, 0.04887008), (0, 0.03062307)]
Emission ID: 198, Topics: [(9, 0.1430252), (2, 0.12583773), (1, 0.11951398), (11, 0.11503932), (5, 0.10451562), (3, 0.10028802), (10, 0.085733555), (8, 0.071692005), (7, 0.058115683), (6, 0.056515377), (4, 0.011369289)]
Emission ID: 199, Topics: [(6, 0.17260578), (4, 0.15125325), (3, 0.14475735), (7, 0.11893002), (2, 0.11338215), (11, 0.10901835), (10, 0.09631761), (5, 0.04543263), (8, 0.042116154)]
Emission ID: 200, Topics: [(4, 0.7481553), (2, 0.091857865), (5, 0.052237585), (11, 0.04068704), (7, 0.040216103)]
Emission ID: 201, Topics: [(11, 0.23342408), (9, 0.18080467), (2, 0.14375558), (7, 0.10332473), (10, 0.080319226), (6, 0.061856136), (3, 0.05600615), (5, 0.050800826), (1, 0.049181707), (8, 0.024659103), (4, 0.014959831)]
Emission ID: 202, Topics: [(2, 0.19439177), (11, 0.1504845), (7, 0.12346426), (5, 0.11791216), (3, 0.10593684), (10, 0.09541773), (6, 0.070626535), (8, 0.056259897), (1, 0.046806503), (9, 0.024802972), (4, 0.013873002)]
Emission ID: 203, Topics: [(4, 0.21771252), (6, 0.20166649), (2, 0.20121019), (3, 0.15002085), (7, 0.1293791), (9, 0.037763767), (8, 0.017500207), (1, 0.014527124), (5, 0.012673171), (0, 0.012186121)]
Emission ID: 204, Topics: [(4, 0.8060851), (2, 0.06035784), (1, 0.05054743), (6, 0.019349938), (0, 0.019174669), (9, 0.017900985)]
Emission ID: 205, Topics: [(11, 0.27009907), (2, 0.16143118), (5, 0.10439741), (10, 0.098544925), (6, 0.07752211), (3, 0.07527591), (1, 0.05675771), (7, 0.055991005), (8, 0.032563306), (4, 0.025577629), (9, 0.024733376), (0, 0.01710641)]
Emission ID: 206, Topics: [(3, 0.33832353), (11, 0.33145198), (2, 0.061534043), (5, 0.04182701), (8, 0.040288445), (6, 0.036609948), (1, 0.035671644), (7, 0.032024834), (10, 0.02883635), (4, 0.020978564), (9, 0.019951576), (0, 0.012502098)]
Emission ID: 207, Topics: [(11, 0.20800175), (3, 0.1829288), (2, 0.13649349), (5, 0.13122968), (10, 0.10981653), (6, 0.06749947), (1, 0.047625843), (8, 0.038287405), (7, 0.03541838), (9, 0.019238789), (0, 0.01898372)]
Emission ID: 208, Topics: [(1, 0.2781484), (2, 0.17491569), (10, 0.1215437), (11, 0.11905779), (8, 0.07690867), (5, 0.06751918), (3, 0.051331248), (6, 0.04196752), (7, 0.036789678), (9, 0.018155737)]
Emission ID: 209, Topics: [(1, 0.28655165), (10, 0.22605675), (11, 0.11582342), (2, 0.090503015), (3, 0.07188635), (5, 0.0590333), (8, 0.045584485), (7, 0.03895025), (6, 0.031853326), (9, 0.018795727)]
Emission ID: 210, Topics: [(2, 0.26767507), (11, 0.2399744), (6, 0.1977394), (5, 0.10235255), (10, 0.066149786), (8, 0.03728066), (3, 0.028548356), (9, 0.025193036), (7, 0.020553034)]
Emission ID: 211, Topics: [(2, 0.18384491), (11, 0.13843559), (3, 0.12120035), (10, 0.10882269), (6, 0.09975955), (5, 0.09882485), (7, 0.08931321), (8, 0.052763417), (1, 0.051891126), (9, 0.024082253), (4, 0.015889231), (0, 0.015172886)]
Emission ID: 212, Topics: [(8, 0.20027126), (5, 0.12397312), (10, 0.10874456), (1, 0.104410745), (2, 0.098626204), (3, 0.08198932), (11, 0.08180559), (9, 0.0579428), (6, 0.057013493), (7, 0.045348097), (4, 0.02341597), (0, 0.016458882)]
Emission ID: 213, Topics: [(11, 0.20583706), (2, 0.14193623), (0, 0.12140156), (3, 0.10772723), (7, 0.096682385), (10, 0.0876501), (6, 0.07395766), (5, 0.060127176), (1, 0.037737276), (8, 0.027555976), (4, 0.02231914), (9, 0.017068183)]
Emission ID: 214, Topics: [(2, 0.30446336), (11, 0.14907534), (10, 0.10611677), (5, 0.10571484), (8, 0.09049522), (1, 0.072532505), (3, 0.04482766), (7, 0.040265813), (6, 0.03797961), (0, 0.03636046)]
Emission ID: 215, Topics: [(1, 0.28133768), (11, 0.16890815), (10, 0.1301967), (2, 0.113434434), (5, 0.070399806), (6, 0.055207886), (3, 0.05328781), (7, 0.042512055), (8, 0.032143284), (0, 0.024901107), (9, 0.014578307), (4, 0.013092761)]
Emission ID: 216, Topics: [(1, 0.27612042), (10, 0.15481816), (2, 0.10364334), (11, 0.100584954), (5, 0.09272025), (8, 0.08205014), (6, 0.06450503), (3, 0.062253732), (7, 0.026322257), (9, 0.024369879), (4, 0.012578344)]
Emission ID: 217, Topics: [(2, 0.43209466), (11, 0.13773294), (10, 0.102648586), (5, 0.06613779), (3, 0.05364784), (1, 0.045129087), (6, 0.044139694), (7, 0.042220503), (8, 0.03622981), (9, 0.023914935), (0, 0.010065248)]
Emission ID: 218, Topics: [(5, 0.3090022), (11, 0.1697872), (10, 0.14423329), (2, 0.122430064), (1, 0.059524678), (3, 0.050041914), (6, 0.042918447), (8, 0.04112911), (7, 0.030810874), (9, 0.02207924)]
Emission ID: 219, Topics: [(8, 0.3056717), (5, 0.2836633), (6, 0.07296214), (0, 0.06561456), (2, 0.06051668), (11, 0.05747042), (1, 0.05568807), (10, 0.034048926), (3, 0.03362718), (4, 0.017337086), (7, 0.012870232)]
Emission ID: 220, Topics: [(11, 0.21568726), (1, 0.21178575), (2, 0.14900701), (10, 0.12141704), (5, 0.0817724), (8, 0.057411548), (3, 0.052784387), (6, 0.05016607), (7, 0.041387442), (9, 0.016696017)]
Emission ID: 221, Topics: [(5, 0.16642456), (10, 0.15657794), (11, 0.14759307), (3, 0.11849757), (2, 0.11354093), (1, 0.073179685), (8, 0.07050901), (6, 0.057402555), (7, 0.046500288), (0, 0.028508823), (9, 0.017712716)]
Emission ID: 222, Topics: [(6, 0.30027667), (11, 0.20066746), (3, 0.1344513), (10, 0.12759344), (5, 0.09028841), (2, 0.041371744), (1, 0.03045246), (7, 0.027160292), (9, 0.025242759), (8, 0.021815889)]
Emission ID: 223, Topics: [(3, 0.23453581), (4, 0.22124504), (2, 0.2056783), (6, 0.1543711), (7, 0.046753366), (0, 0.043845627), (5, 0.0339184), (1, 0.02300088), (9, 0.017016914), (8, 0.010950175)]
Emission ID: 224, Topics: [(11, 0.2572589), (2, 0.15235946), (9, 0.12758629), (10, 0.1045565), (7, 0.07135436), (5, 0.06644754), (6, 0.063153535), (1, 0.052665737), (3, 0.045854636), (8, 0.04276812), (4, 0.010142668)]
Emission ID: 225, Topics: [(10, 0.23344111), (2, 0.1748874), (11, 0.14026573), (1, 0.09351595), (8, 0.08778988), (5, 0.08549857), (3, 0.0576551), (6, 0.04918668), (7, 0.040583797), (9, 0.023424577)]
Emission ID: 226, Topics: [(8, 0.24021515), (11, 0.15820281), (5, 0.13593134), (2, 0.11095393), (10, 0.08014738), (3, 0.065930374), (6, 0.05214774), (1, 0.047878563), (7, 0.035885613), (9, 0.032184716), (0, 0.022614285), (4, 0.017908065)]
Emission ID: 227, Topics: [(10, 0.2422085), (11, 0.19746727), (2, 0.11757169), (3, 0.08971965), (1, 0.088953845), (7, 0.073365256), (5, 0.07027426), (8, 0.03800635), (6, 0.03736514), (9, 0.018565057), (0, 0.015830072), (4, 0.010672881)]
Emission ID: 228, Topics: [(3, 0.24278477), (10, 0.14811546), (5, 0.13412201), (1, 0.12652485), (11, 0.09158716), (2, 0.069111615), (6, 0.06655337), (7, 0.065248035), (0, 0.029618144), (8, 0.025733624)]
Emission ID: 229, Topics: [(5, 0.31832457), (8, 0.13232231), (11, 0.09452916), (1, 0.08893443), (2, 0.07583039), (10, 0.07579694), (3, 0.07070287), (6, 0.060202945), (7, 0.036798663), (0, 0.024846599), (4, 0.012534681)]
Emission ID: 230, Topics: [(5, 0.26347077), (3, 0.17655388), (8, 0.13012801), (10, 0.108607575), (1, 0.101597786), (11, 0.0656933), (7, 0.049246572), (6, 0.048020713), (2, 0.04660536)]
Emission ID: 231, Topics: [(2, 0.2712004), (3, 0.18935561), (6, 0.15697855), (10, 0.08480571), (0, 0.0756253), (4, 0.058284797), (7, 0.05057909), (1, 0.048161678), (8, 0.02449627), (5, 0.022914957)]
Emission ID: 232, Topics: [(10, 0.19355007), (2, 0.17695744), (11, 0.16773978), (3, 0.09396466), (1, 0.090297), (8, 0.0897999), (5, 0.06054478), (6, 0.054416314), (7, 0.039136715), (9, 0.021473056)]
Emission ID: 233, Topics: [(11, 0.41821077), (8, 0.2387724), (2, 0.13496241), (6, 0.107186764), (4, 0.05444279), (10, 0.03160651)]
Emission ID: 234, Topics: [(2, 0.14779243), (3, 0.10703904), (5, 0.10245529), (8, 0.09865326), (6, 0.089676104), (1, 0.08737742), (11, 0.08704605), (7, 0.07844457), (10, 0.07063429), (4, 0.05138671), (9, 0.04887112), (0, 0.030623723)]
Emission ID: 235, Topics: [(11, 0.21438994), (7, 0.14919862), (2, 0.14618336), (4, 0.10056658), (6, 0.09673325), (10, 0.06949236), (3, 0.06353425), (5, 0.061924595), (1, 0.0357772), (9, 0.035199754), (8, 0.019982794)]
Emission ID: 236, Topics: [(7, 0.26232404), (11, 0.14458092), (5, 0.13364011), (10, 0.12578808), (2, 0.12206485), (3, 0.042798687), (6, 0.042613752), (4, 0.037848543), (1, 0.035147518), (0, 0.02697813), (9, 0.019293547)]
Emission ID: 237, Topics: [(5, 0.24434553), (8, 0.21126956), (1, 0.13895603), (3, 0.10037887), (10, 0.089659356), (2, 0.07144829), (6, 0.058918517), (4, 0.03764986), (11, 0.019495573), (7, 0.013785586), (9, 0.013602736)]
Emission ID: 238, Topics: [(11, 0.18918104), (2, 0.17527297), (10, 0.15805323), (1, 0.1126503), (5, 0.10252844), (3, 0.06992594), (8, 0.056915782), (7, 0.051257983), (6, 0.051212743), (9, 0.012442852), (0, 0.012222659)]
Emission ID: 239, Topics: [(6, 0.27352282), (2, 0.24275665), (11, 0.13901947), (5, 0.086256914), (3, 0.064543), (4, 0.056911238), (7, 0.056749076), (10, 0.047866885), (9, 0.014099223)]
Emission ID: 240, Topics: [(2, 0.35615954), (6, 0.33263394), (3, 0.043682385), (5, 0.04181206), (8, 0.040260497), (1, 0.035675365), (11, 0.03552361), (7, 0.03201335), (10, 0.028825995), (4, 0.020971216), (9, 0.019944409), (0, 0.012497607)]
Emission ID: 241, Topics: [(3, 0.1921636), (5, 0.17175068), (10, 0.11592666), (2, 0.10872068), (11, 0.10617471), (1, 0.08749773), (6, 0.06873305), (8, 0.06327146), (7, 0.040164284), (9, 0.017994799), (0, 0.017204901), (4, 0.010397433)]
Emission ID: 242, Topics: [(2, 0.19753966), (6, 0.16930857), (7, 0.14739549), (11, 0.12790632), (3, 0.112038314), (4, 0.07975135), (9, 0.053555466), (10, 0.036450017), (8, 0.031313974), (5, 0.026842251), (1, 0.017842317)]
Emission ID: 243, Topics: [(8, 0.29319975), (11, 0.1323232), (5, 0.11799574), (2, 0.09565273), (3, 0.08377923), (10, 0.08002515), (6, 0.057310183), (1, 0.04569343), (7, 0.03419748), (9, 0.03189538), (4, 0.014680986), (0, 0.013246768)]
Emission ID: 244, Topics: [(2, 0.3376468), (11, 0.13928887), (10, 0.12046436), (3, 0.09362173), (7, 0.08811464), (5, 0.073584795), (6, 0.050277717), (8, 0.048067786), (4, 0.031665124), (9, 0.016493926)]
Emission ID: 245, Topics: [(8, 0.2284863), (2, 0.16028011), (6, 0.15859997), (3, 0.14053123), (11, 0.112030976), (10, 0.0667525), (1, 0.039556313), (4, 0.032337576), (9, 0.031311624), (7, 0.028136803)]
Emission ID: 246, Topics: [(11, 0.4457775), (10, 0.11103191), (2, 0.09721157), (5, 0.074063405), (3, 0.06107655), (1, 0.05006188), (6, 0.044771444), (8, 0.03900936), (7, 0.037158232), (9, 0.017849889), (4, 0.013879021)]
Emission ID: 247, Topics: [(1, 0.25089976), (3, 0.14739685), (5, 0.11439358), (11, 0.1032049), (10, 0.08215313), (2, 0.078274876), (8, 0.06372904), (6, 0.055695463), (7, 0.038905125), (9, 0.032155033), (4, 0.029182432)]
Emission ID: 248, Topics: [(11, 0.4818522), (2, 0.13245593), (6, 0.062779576), (10, 0.061615393), (3, 0.04992944), (5, 0.04918335), (1, 0.039983563), (9, 0.039419573), (7, 0.037813943), (8, 0.023056816), (4, 0.0131060425)]
Emission ID: 249, Topics: [(5, 0.17812078), (3, 0.1569864), (10, 0.15377858), (2, 0.15192787), (7, 0.112136446), (11, 0.07261356), (6, 0.07062054), (1, 0.059946984), (8, 0.02801376), (4, 0.014398846)]
Emission ID: 250, Topics: [(7, 0.44222263), (2, 0.22986196), (1, 0.14219059), (4, 0.11307108), (11, 0.033425324), (3, 0.015910957), (5, 0.015727438)]
Emission ID: 251, Topics: [(8, 0.22623023), (5, 0.19431832), (11, 0.10177958), (2, 0.09434918), (10, 0.09341239), (1, 0.080326006), (6, 0.06607886), (3, 0.057413895), (7, 0.036511287), (0, 0.023446854), (4, 0.013477316), (9, 0.012656025)]
Emission ID: 252, Topics: [(1, 0.2976007), (6, 0.14224878), (11, 0.13791625), (3, 0.12328794), (10, 0.111122884), (5, 0.08106483), (8, 0.04827001), (2, 0.033291154), (7, 0.014511075)]
Emission ID: 253, Topics: [(11, 0.14959629), (10, 0.12725946), (5, 0.12702568), (1, 0.11911044), (2, 0.10047675), (3, 0.0974702), (7, 0.07395484), (8, 0.06018507), (6, 0.05577988), (9, 0.037560377), (0, 0.033212993), (4, 0.018368056)]
Emission ID: 254, Topics: [(10, 0.312139), (1, 0.21639082), (11, 0.08009698), (3, 0.066561215), (0, 0.06462496), (5, 0.062740564), (2, 0.057410195), (8, 0.056878857), (7, 0.05140915), (6, 0.020601435)]
Emission ID: 255, Topics: [(7, 0.23880649), (2, 0.204834), (11, 0.16537017), (6, 0.1357129), (3, 0.06567753), (4, 0.035866037), (5, 0.035626315), (9, 0.03303761), (10, 0.031898968), (8, 0.03030316), (1, 0.012700339), (0, 0.010166469)]
Emission ID: 256, Topics: [(2, 0.27836594), (11, 0.20797831), (5, 0.10421394), (6, 0.09138183), (7, 0.0700729), (10, 0.058156077), (8, 0.056802556), (3, 0.047178265), (1, 0.027269319), (4, 0.025795428), (9, 0.017613187), (0, 0.015172207)]
Emission ID: 257, Topics: [(6, 0.2812352), (2, 0.1329579), (11, 0.13203369), (3, 0.085342504), (4, 0.08453505), (10, 0.07366781), (5, 0.070469625), (7, 0.045338515), (8, 0.03748172), (1, 0.030202908), (9, 0.026711104)]
Emission ID: 258, Topics: [(11, 0.4745005), (8, 0.2393186), (10, 0.16612299), (5, 0.07559348), (2, 0.01759466)]
Emission ID: 259, Topics: [(10, 0.38424692), (11, 0.15293147), (3, 0.08667384), (2, 0.07843823), (5, 0.075445406), (6, 0.05551527), (1, 0.048832558), (7, 0.045010783), (8, 0.036065686), (0, 0.016299805), (9, 0.014348243)]
Emission ID: 260, Topics: [(2, 0.23552507), (7, 0.17295168), (6, 0.15955982), (4, 0.13141418), (0, 0.10174461), (8, 0.073002), (3, 0.06387981), (10, 0.021869648), (1, 0.0167975), (9, 0.011890894), (5, 0.010949203)]
Emission ID: 261, Topics: [(11, 0.16767317), (2, 0.1519095), (10, 0.1509254), (8, 0.123239495), (5, 0.11161185), (7, 0.06613847), (6, 0.05791195), (3, 0.055208467), (1, 0.048423298), (0, 0.028331574), (9, 0.025755905), (4, 0.012870925)]
Emission ID: 262, Topics: [(2, 0.21259303), (6, 0.15694317), (11, 0.14494959), (3, 0.09610607), (7, 0.07897015), (9, 0.06451109), (5, 0.06362172), (8, 0.051504128), (10, 0.049583983), (1, 0.032289367), (4, 0.0269262), (0, 0.022001501)]
Emission ID: 263, Topics: [(11, 0.15528367), (1, 0.14619265), (10, 0.14379564), (5, 0.12394617), (2, 0.11885197), (3, 0.06811364), (8, 0.057673097), (0, 0.051059708), (7, 0.047112264), (6, 0.046033673), (4, 0.023907129), (9, 0.018030398)]
Emission ID: 264, Topics: [(2, 0.20475209), (11, 0.19067681), (10, 0.1482046), (5, 0.08451543), (6, 0.07513556), (1, 0.073991075), (3, 0.069299564), (7, 0.050225634), (8, 0.034971662), (4, 0.033323154), (9, 0.025458032)]
Emission ID: 265, Topics: [(11, 0.24534215), (1, 0.12571655), (3, 0.12011152), (2, 0.11989579), (10, 0.11046871), (7, 0.06611828), (6, 0.06556696), (8, 0.059003048), (5, 0.04337025), (9, 0.02502944), (0, 0.019296996)]
Emission ID: 266, Topics: [(4, 0.1875332), (2, 0.18706645), (11, 0.13677235), (10, 0.10995641), (6, 0.08171351), (5, 0.06917901), (3, 0.05770255), (7, 0.050931606), (1, 0.03914084), (8, 0.03630705), (9, 0.035457272)]
Emission ID: 267, Topics: [(5, 0.32846633), (3, 0.13474001), (10, 0.10843524), (11, 0.1034739), (1, 0.0940869), (2, 0.062451597), (6, 0.05227232), (8, 0.0403957), (7, 0.040063843), (0, 0.015193299), (9, 0.014603292)]
Emission ID: 268, Topics: [(2, 0.22097738), (3, 0.12048927), (6, 0.11967402), (4, 0.110752515), (5, 0.08587721), (0, 0.07994821), (1, 0.06782002), (10, 0.06237811), (7, 0.039136417), (11, 0.037218757), (8, 0.032261893), (9, 0.023466194)]
Emission ID: 269, Topics: [(10, 0.23378767), (11, 0.1817753), (2, 0.14358966), (5, 0.08852751), (6, 0.06499038), (4, 0.06042505), (7, 0.059700992), (3, 0.05935449), (1, 0.05904249), (8, 0.0307276), (9, 0.016898891)]
Emission ID: 270, Topics: [(2, 0.28607494), (10, 0.120899014), (11, 0.10363788), (3, 0.09509567), (5, 0.09159658), (1, 0.0911132), (8, 0.057380833), (6, 0.055756312), (7, 0.048101764), (0, 0.026387101), (9, 0.01916214)]
Emission ID: 271, Topics: [(8, 0.2422147), (5, 0.19830018), (11, 0.14583397), (10, 0.08527272), (1, 0.0755801), (3, 0.0754035), (2, 0.066189796), (7, 0.03748668), (6, 0.03588926), (0, 0.014757203), (4, 0.013918834)]
Emission ID: 272, Topics: [(6, 0.28105828), (2, 0.18885069), (11, 0.16720557), (7, 0.08247235), (3, 0.0797973), (10, 0.05763914), (5, 0.047751572), (8, 0.031169234), (1, 0.021908257), (9, 0.021252101), (4, 0.016481536)]
Emission ID: 273, Topics: [(10, 0.38766608), (11, 0.1381054), (5, 0.095603034), (3, 0.079722695), (1, 0.077555925), (2, 0.07472786), (7, 0.042336192), (6, 0.04031181), (8, 0.03440333), (9, 0.013103395), (0, 0.011877587)]
Emission ID: 274, Topics: [(11, 0.4122059), (2, 0.18933374), (10, 0.08814465), (6, 0.06146925), (5, 0.058123406), (8, 0.042720884), (7, 0.040672988), (3, 0.039476033), (1, 0.03077163), (9, 0.028011631)]
Emission ID: 275, Topics: [(11, 0.16591506), (7, 0.15506972), (2, 0.13058272), (10, 0.107860655), (5, 0.09773309), (6, 0.093232915), (3, 0.08524894), (9, 0.04951785), (1, 0.045285925), (4, 0.0354074), (8, 0.029374281)]
Emission ID: 276, Topics: [(2, 0.36996928), (11, 0.17297506), (10, 0.08570124), (6, 0.08272163), (5, 0.058913585), (3, 0.05783688), (7, 0.05343989), (1, 0.0378902), (8, 0.03340315), (9, 0.03206834), (4, 0.013203316)]
Emission ID: 277, Topics: [(1, 0.35002598), (11, 0.12205911), (5, 0.10830012), (10, 0.1042823), (3, 0.08739594), (2, 0.0704966), (6, 0.05060878), (8, 0.044096217), (7, 0.030809693), (9, 0.01696343)]
Emission ID: 278, Topics: [(8, 0.28886896), (5, 0.17262377), (11, 0.10118865), (3, 0.07575146), (10, 0.062402014), (2, 0.05894809), (1, 0.056184713), (0, 0.054823652), (7, 0.053398106), (6, 0.053361006), (4, 0.011540895), (9, 0.010908651)]
Emission ID: 279, Topics: [(11, 0.29926682), (2, 0.14702883), (5, 0.09767487), (10, 0.0931145), (9, 0.0828632), (1, 0.061772697), (6, 0.060388476), (3, 0.050441515), (7, 0.050402984), (8, 0.032918602), (4, 0.015576911)]
Emission ID: 280, Topics: [(11, 0.22757427), (7, 0.22701164), (6, 0.20575035), (8, 0.08574459), (9, 0.08302852), (2, 0.07208278), (5, 0.04202077), (10, 0.028773833), (1, 0.023888132)]
Emission ID: 281, Topics: [(2, 0.29653746), (10, 0.17324767), (11, 0.12599902), (7, 0.08356564), (1, 0.07679157), (5, 0.06918083), (3, 0.05697356), (8, 0.033743057), (6, 0.028473498), (9, 0.026227294), (4, 0.023927148)]
Emission ID: 282, Topics: [(2, 0.32139757), (4, 0.17991984), (6, 0.14900245), (3, 0.1278558), (7, 0.042880062), (9, 0.04152324), (8, 0.040239945), (0, 0.029488636), (1, 0.026429588), (10, 0.020669596), (5, 0.016852934)]
Emission ID: 283, Topics: [(3, 0.24611115), (11, 0.14630432), (1, 0.114774555), (6, 0.096565954), (2, 0.092409685), (10, 0.07567985), (5, 0.069464155), (7, 0.049869314), (8, 0.038508672), (4, 0.034195554), (9, 0.028936692)]
Emission ID: 284, Topics: [(2, 0.32863268), (11, 0.16589653), (6, 0.11600583), (10, 0.08987028), (3, 0.06408448), (7, 0.058282867), (5, 0.05451589), (1, 0.037846915), (9, 0.032236747), (8, 0.029396465), (4, 0.0147627415)]
Emission ID: 285, Topics: [(2, 0.36981332), (11, 0.18308057), (5, 0.11486119), (3, 0.1040265), (10, 0.061311375), (7, 0.059038207), (6, 0.053187232), (9, 0.030585784), (1, 0.01947965)]
Emission ID: 286, Topics: [(10, 0.27342555), (1, 0.24032614), (11, 0.10814992), (5, 0.08459554), (2, 0.07989068), (3, 0.06957183), (8, 0.045212694), (6, 0.040022407), (7, 0.02949981), (9, 0.01327197)]
Emission ID: 287, Topics: [(2, 0.37600207), (11, 0.1787174), (7, 0.11468389), (6, 0.061332777), (3, 0.056594305), (5, 0.05497187), (1, 0.050896153), (10, 0.04489431), (9, 0.031505417), (8, 0.01524893), (4, 0.015112182)]
Emission ID: 288, Topics: [(10, 0.30757162), (6, 0.261125), (8, 0.16076285), (2, 0.14347538), (3, 0.083376914)]
Emission ID: 289, Topics: [(5, 0.2611918), (10, 0.24656199), (3, 0.14666553), (11, 0.10686757), (1, 0.06670744), (2, 0.04945994), (6, 0.041222584), (8, 0.03621054), (0, 0.013397512), (7, 0.013213879), (4, 0.012721759)]
Emission ID: 290, Topics: [(8, 0.28625226), (2, 0.16122876), (5, 0.16026366), (1, 0.07200372), (10, 0.06632167), (11, 0.06627965), (3, 0.05695116), (6, 0.048473433), (7, 0.04601858), (0, 0.014813771), (4, 0.011601703)]
Emission ID: 291, Topics: [(3, 0.3380678), (2, 0.2675215), (10, 0.1860166), (1, 0.08185053), (6, 0.05042312), (0, 0.04728826)]
Emission ID: 292, Topics: [(9, 0.30854258), (8, 0.15283975), (2, 0.10432614), (11, 0.10003599), (6, 0.07203212), (3, 0.06679224), (7, 0.057501677), (10, 0.057196487), (5, 0.03470791), (1, 0.033451974), (4, 0.012553986)]
Emission ID: 293, Topics: [(6, 0.2172047), (5, 0.18851615), (3, 0.096960574), (10, 0.09158546), (2, 0.087614454), (11, 0.084663495), (1, 0.063224025), (8, 0.05872388), (7, 0.051735528), (9, 0.03639019), (0, 0.012520039), (4, 0.010861486)]
Emission ID: 294, Topics: [(11, 0.28783584), (9, 0.18581931), (2, 0.12471973), (5, 0.07441258), (10, 0.07024477), (3, 0.06022677), (1, 0.057202954), (6, 0.054899357), (7, 0.038545474), (8, 0.024571618), (4, 0.017562825)]
Emission ID: 295, Topics: [(2, 0.35142723), (10, 0.23470832), (0, 0.15952042), (11, 0.12310201), (9, 0.029555043), (7, 0.027117912), (5, 0.020061247), (3, 0.01826994), (6, 0.017094266), (4, 0.016268222)]
Emission ID: 296, Topics: [(2, 0.23809694), (7, 0.18823926), (11, 0.1686595), (6, 0.11140123), (3, 0.0658515), (10, 0.06314388), (5, 0.045724727), (8, 0.036697917), (9, 0.034935087), (1, 0.027427087), (4, 0.013426296)]
Emission ID: 297, Topics: [(11, 0.39145064), (2, 0.12533197), (5, 0.11075461), (9, 0.07139306), (10, 0.06768949), (6, 0.057054497), (3, 0.04438774), (7, 0.03914226), (8, 0.033426765), (1, 0.03012762), (4, 0.023290705)]
Emission ID: 298, Topics: [(8, 0.27818227), (5, 0.14840084), (2, 0.11163808), (1, 0.09824793), (11, 0.08589116), (10, 0.08313753), (3, 0.07060739), (6, 0.04553776), (7, 0.035644453), (0, 0.026154755), (9, 0.010912871)]
Emission ID: 299, Topics: [(11, 0.38140976), (2, 0.26142296), (6, 0.124828205), (7, 0.06357028), (8, 0.05941078), (9, 0.040384144), (10, 0.038184512), (3, 0.024752084)]
Emission ID: 300, Topics: [(2, 0.25622207), (7, 0.23612905), (11, 0.17288363), (5, 0.08209193), (6, 0.06260206), (3, 0.059807226), (10, 0.05070953), (1, 0.04132632), (9, 0.015923284), (8, 0.014443502)]
Emission ID: 301, Topics: [(2, 0.1742275), (5, 0.17091767), (11, 0.1513945), (1, 0.1121692), (10, 0.10979705), (8, 0.09192027), (3, 0.06969741), (7, 0.04671158), (6, 0.032720678), (0, 0.018325426), (9, 0.01517627)]
Emission ID: 302, Topics: [(11, 0.1536643), (7, 0.12597422), (10, 0.12320783), (1, 0.1217465), (3, 0.11323077), (5, 0.10833006), (2, 0.09053407), (6, 0.08240039), (8, 0.044781227), (9, 0.01678487), (4, 0.01075888)]
Emission ID: 303, Topics: [(1, 0.1491757), (10, 0.14865427), (5, 0.14864291), (11, 0.14095515), (3, 0.10326051), (2, 0.09802966), (8, 0.07112831), (6, 0.059068862), (7, 0.038990967), (9, 0.01891894), (0, 0.014405428)]
Emission ID: 304, Topics: [(3, 0.24599618), (2, 0.16641), (11, 0.13696642), (10, 0.11384982), (6, 0.100585364), (7, 0.064958386), (5, 0.05461169), (1, 0.03967621), (9, 0.03772139), (8, 0.015968962), (4, 0.013278748)]
Emission ID: 305, Topics: [(2, 0.44576132), (6, 0.1673283), (7, 0.13278992), (4, 0.07811679), (3, 0.049712006), (1, 0.038482398), (10, 0.035682365), (9, 0.026314674), (0, 0.012021851)]
Emission ID: 306, Topics: [(2, 0.409663), (11, 0.1601271), (9, 0.083544254), (6, 0.081234336), (7, 0.066816464), (3, 0.058567718), (10, 0.036670815), (1, 0.035826806), (8, 0.028930428), (5, 0.020846147), (4, 0.012735946)]
Emission ID: 307, Topics: [(2, 0.31036824), (1, 0.16031721), (7, 0.13959503), (6, 0.10701983), (5, 0.08419356), (11, 0.05570684), (8, 0.05193067), (3, 0.03140781), (9, 0.029607376), (4, 0.022690672)]
Emission ID: 308, Topics: [(8, 0.32850865), (1, 0.14668657), (2, 0.11661808), (11, 0.10674122), (10, 0.07727778), (5, 0.057852365), (6, 0.05085753), (3, 0.0422834), (7, 0.03469843), (4, 0.028551217)]
Emission ID: 309, Topics: [(8, 0.2374137), (2, 0.14442949), (10, 0.14327982), (11, 0.1104638), (6, 0.07545193), (7, 0.07288558), (5, 0.06269049), (1, 0.057797402), (3, 0.052377205), (0, 0.020622708), (4, 0.013782478)]
Emission ID: 310, Topics: [(2, 0.18591918), (11, 0.16020297), (3, 0.1487221), (5, 0.12739794), (6, 0.10706597), (10, 0.08706834), (1, 0.051619172), (8, 0.048682246), (7, 0.029727679), (9, 0.0248595), (0, 0.017140578), (4, 0.011594341)]
Emission ID: 311, Topics: [(10, 0.17570345), (11, 0.11401321), (2, 0.11073091), (3, 0.103718154), (0, 0.0998616), (6, 0.086507246), (1, 0.08483288), (5, 0.079599455), (8, 0.060205434), (7, 0.05401662), (4, 0.017116161), (9, 0.013694901)]
Emission ID: 312, Topics: [(3, 0.43045598), (11, 0.20512109), (2, 0.0870069), (6, 0.081435554), (10, 0.053139094), (5, 0.0394546), (1, 0.03346536), (7, 0.028849073), (8, 0.022191737), (9, 0.015886895)]
Emission ID: 313, Topics: [(10, 0.24856703), (11, 0.16711587), (2, 0.1624993), (3, 0.098715864), (5, 0.0728226), (7, 0.06907474), (6, 0.061783988), (8, 0.038307928), (1, 0.030849384), (9, 0.023918886), (4, 0.015677277), (0, 0.010667131)]
Emission ID: 314, Topics: [(10, 0.17012033), (11, 0.1699934), (7, 0.15443799), (3, 0.11134252), (5, 0.09374434), (2, 0.082246326), (6, 0.06756483), (1, 0.043812986), (4, 0.0384971), (8, 0.03287161), (9, 0.024011768), (0, 0.011356803)]
Emission ID: 315, Topics: [(2, 0.43578997), (11, 0.14013253), (10, 0.07365525), (5, 0.06741577), (6, 0.055244554), (7, 0.049909975), (1, 0.045673974), (3, 0.04336993), (8, 0.040616225), (9, 0.028823288)]
Emission ID: 316, Topics: [(8, 0.18598805), (1, 0.1742487), (5, 0.16825965), (2, 0.09083807), (11, 0.0814667), (3, 0.079867), (10, 0.07903001), (6, 0.06549148), (7, 0.043006882), (0, 0.011151536), (4, 0.010780131)]
Emission ID: 317, Topics: [(2, 0.20366785), (3, 0.17645124), (5, 0.14302926), (6, 0.09009517), (11, 0.08952952), (7, 0.084936865), (10, 0.06837887), (8, 0.043834653), (1, 0.04278616), (9, 0.03222095), (4, 0.02497945)]
Emission ID: 318, Topics: [(1, 0.14302564), (2, 0.11769013), (11, 0.10979823), (5, 0.10795534), (6, 0.10260069), (3, 0.08807817), (8, 0.08396951), (10, 0.07884553), (7, 0.0743061), (9, 0.046738926), (4, 0.04285001)]
Emission ID: 319, Topics: [(2, 0.19517209), (11, 0.18434748), (3, 0.12872957), (6, 0.11398233), (4, 0.09658933), (5, 0.09581097), (8, 0.086103305), (7, 0.060212065), (10, 0.024089796)]
Emission ID: 320, Topics: [(11, 0.29033208), (10, 0.19117706), (2, 0.14911245), (1, 0.07190519), (3, 0.06400643), (5, 0.054940306), (6, 0.052051786), (7, 0.040971275), (8, 0.04040386), (9, 0.026428625), (0, 0.013169282)]
Emission ID: 321, Topics: [(5, 0.22403531), (2, 0.12435799), (11, 0.11995097), (0, 0.10996179), (10, 0.09821065), (1, 0.08955208), (3, 0.075790584), (7, 0.050968517), (6, 0.050481763), (8, 0.03791032), (9, 0.012115523)]
Emission ID: 322, Topics: [(5, 0.57737154), (6, 0.21065606), (10, 0.11380197), (2, 0.019678062), (3, 0.014346987), (8, 0.013131718), (1, 0.011623245), (11, 0.011568984), (7, 0.010428076)]
Emission ID: 323, Topics: [(10, 0.22733317), (1, 0.1936112), (11, 0.144764), (2, 0.12709069), (5, 0.08716182), (7, 0.06327003), (8, 0.0580606), (3, 0.046250988), (9, 0.028431322), (6, 0.018482268)]
Emission ID: 324, Topics: [(5, 0.38406822), (11, 0.111343935), (3, 0.10299806), (8, 0.095213786), (10, 0.06890359), (1, 0.060203105), (2, 0.058470048), (6, 0.04218744), (7, 0.027359838), (0, 0.022197602), (9, 0.016893603), (4, 0.010160753)]
Emission ID: 325, Topics: [(8, 0.2542929), (5, 0.20302103), (2, 0.08214605), (3, 0.07593087), (11, 0.07425199), (1, 0.072541386), (10, 0.0712211), (0, 0.06126363), (6, 0.05653728), (7, 0.032886263)]
Emission ID: 326, Topics: [(1, 0.1383388), (5, 0.13300955), (10, 0.13205163), (11, 0.119628996), (3, 0.11843677), (7, 0.076096825), (2, 0.074685484), (9, 0.05900599), (6, 0.05110978), (8, 0.049704917), (4, 0.037549708), (0, 0.010381576)]
Emission ID: 327, Topics: [(8, 0.3318303), (2, 0.12469846), (10, 0.12391612), (1, 0.098947525), (11, 0.08678755), (5, 0.08551886), (6, 0.043339107), (3, 0.03889427), (7, 0.038115658), (4, 0.011967479), (0, 0.0111755375)]
Emission ID: 328, Topics: [(2, 0.42492557), (11, 0.23178056), (10, 0.085721634), (6, 0.05907481), (1, 0.044234514), (9, 0.038551785), (3, 0.038156457), (5, 0.03312388), (7, 0.029662423)]
Emission ID: 329, Topics: [(10, 0.3943021), (3, 0.1574815), (1, 0.10637259), (5, 0.08135595), (2, 0.07065054), (11, 0.04893409), (0, 0.047506567), (7, 0.04525987), (6, 0.04258452)]
Emission ID: 330, Topics: [(6, 0.23099244), (11, 0.18465221), (2, 0.18004516), (7, 0.11977458), (3, 0.06736229), (5, 0.06516376), (8, 0.039141938), (9, 0.033900052), (4, 0.027760362), (10, 0.02677617), (1, 0.016729118)]
Emission ID: 331, Topics: [(3, 0.27090418), (11, 0.17917883), (2, 0.13726589), (5, 0.07885423), (6, 0.07133147), (10, 0.06901725), (1, 0.063368514), (7, 0.055376627), (8, 0.02883552), (9, 0.019962762), (0, 0.013220986), (4, 0.012683734)]
Emission ID: 332, Topics: [(2, 0.21251997), (10, 0.15425153), (5, 0.12134679), (3, 0.09740505), (8, 0.09373778), (11, 0.092407785), (1, 0.07468812), (6, 0.063803636), (7, 0.054878507), (9, 0.02170189), (4, 0.013174496)]
Emission ID: 333, Topics: [(5, 0.3418138), (6, 0.334883), (3, 0.1263901), (2, 0.08681197), (9, 0.08127366)]
Emission ID: 334, Topics: [(6, 0.20175089), (2, 0.15772036), (1, 0.14977348), (5, 0.11707387), (11, 0.09908708), (3, 0.07587168), (10, 0.06567095), (8, 0.049837966), (4, 0.044771925), (7, 0.034427714)]
Emission ID: 335, Topics: [(2, 0.4259786), (11, 0.13078232), (10, 0.07539719), (5, 0.071872935), (1, 0.05583798), (7, 0.049764886), (6, 0.04943027), (3, 0.044020306), (8, 0.0357689), (9, 0.03538012), (4, 0.014775638), (0, 0.010990843)]
Emission ID: 336, Topics: [(6, 0.28661427), (1, 0.19806078), (7, 0.13636835), (10, 0.12041879), (3, 0.10047212), (9, 0.07729705), (0, 0.048716307), (2, 0.010097296)]
Emission ID: 337, Topics: [(2, 0.24637446), (6, 0.16080971), (7, 0.1583976), (3, 0.12635437), (0, 0.100395754), (4, 0.060633924), (11, 0.055867948), (10, 0.049959864), (5, 0.019243972), (9, 0.01833898)]
Emission ID: 338, Topics: [(3, 0.4770877), (2, 0.251651), (4, 0.106185414), (8, 0.103716984), (5, 0.010569177)]
Emission ID: 339, Topics: [(8, 0.22856897), (5, 0.16719353), (2, 0.102464944), (11, 0.09739489), (3, 0.09359799), (10, 0.08813714), (1, 0.06250644), (6, 0.061306395), (7, 0.040800426), (0, 0.027252331), (9, 0.018835623), (4, 0.011941332)]
Emission ID: 340, Topics: [(11, 0.21246305), (10, 0.20360845), (2, 0.14532655), (1, 0.12284747), (5, 0.061633807), (8, 0.060288433), (6, 0.05200208), (3, 0.045932), (7, 0.04522595), (9, 0.032342188), (4, 0.01162837)]
Emission ID: 341, Topics: [(5, 0.24858528), (8, 0.16994824), (11, 0.098296694), (1, 0.08815658), (10, 0.0874441), (2, 0.08022877), (3, 0.07030177), (6, 0.049445737), (7, 0.04332465), (0, 0.04246637), (4, 0.012672837)]
Emission ID: 342, Topics: [(7, 0.3779851), (2, 0.11624124), (9, 0.10976276), (6, 0.09845356), (11, 0.0901079), (3, 0.07696525), (1, 0.040694762), (5, 0.03588469), (4, 0.026907528), (8, 0.02635111)]
Emission ID: 343, Topics: [(2, 0.3099176), (11, 0.14757583), (6, 0.11079984), (3, 0.083542526), (9, 0.077951916), (7, 0.07713698), (10, 0.058347747), (8, 0.046991613), (5, 0.039189957), (1, 0.031983625), (4, 0.01091843)]
Emission ID: 344, Topics: [(11, 0.23236309), (2, 0.2108738), (6, 0.17211929), (8, 0.16394956), (3, 0.061902955), (10, 0.05959992), (7, 0.05225102), (9, 0.03782107)]
Emission ID: 345, Topics: [(2, 0.25834885), (10, 0.19088326), (1, 0.14550793), (11, 0.10932563), (5, 0.10010074), (0, 0.053565364), (8, 0.050882168), (7, 0.035528958), (3, 0.033252805), (9, 0.013399166)]
Emission ID: 346, Topics: [(6, 0.3433334), (2, 0.3103022), (8, 0.14556535), (4, 0.11907322), (3, 0.04887299)]
Emission ID: 347, Topics: [(2, 0.40253544), (11, 0.14819479), (10, 0.12120908), (7, 0.07565792), (1, 0.049010906), (5, 0.041658275), (6, 0.041634418), (3, 0.041349545), (9, 0.03194694), (8, 0.024231667), (0, 0.014397172)]
Emission ID: 348, Topics: [(3, 0.3816222), (5, 0.20645376), (4, 0.19884509), (1, 0.12550777), (2, 0.02052335), (8, 0.013162004), (6, 0.011923459), (11, 0.011572957), (7, 0.010429378)]
Emission ID: 349, Topics: [(6, 0.28910598), (2, 0.15833786), (11, 0.15193246), (7, 0.10575106), (3, 0.07133077), (9, 0.06632076), (10, 0.048353117), (4, 0.03405161), (5, 0.029796623), (1, 0.020969301), (8, 0.01956241)]
Emission ID: 350, Topics: [(10, 0.22158748), (11, 0.14948167), (1, 0.13252693), (2, 0.12840793), (3, 0.12814578), (5, 0.09394613), (8, 0.052635103), (6, 0.041596025), (7, 0.033648126), (9, 0.017827684)]
Emission ID: 351, Topics: [(2, 0.3485811), (11, 0.1931692), (5, 0.08354742), (10, 0.065822646), (8, 0.06403741), (1, 0.059691828), (6, 0.054662008), (7, 0.04172012), (3, 0.04022468), (9, 0.03007967), (4, 0.011105984)]
Emission ID: 352, Topics: [(10, 0.20341559), (11, 0.18496828), (1, 0.102515385), (7, 0.096213326), (2, 0.0953378), (5, 0.08321901), (3, 0.07193841), (8, 0.06340747), (6, 0.046518166), (0, 0.029394742), (9, 0.015056432)]
Emission ID: 353, Topics: [(6, 0.26970702), (2, 0.12676457), (7, 0.12230901), (11, 0.102759995), (8, 0.10242514), (5, 0.08009564), (3, 0.06052788), (1, 0.046611644), (10, 0.03909239), (9, 0.036655784), (4, 0.013016232)]
Emission ID: 354, Topics: [(5, 0.20760569), (8, 0.20726432), (1, 0.12493955), (11, 0.0958146), (2, 0.094162524), (10, 0.076757625), (3, 0.07026054), (6, 0.04259523), (7, 0.03289646), (9, 0.021375716), (0, 0.014908339), (4, 0.011419439)]
Emission ID: 355, Topics: [(2, 0.24823113), (5, 0.113118306), (8, 0.108328134), (11, 0.10266941), (6, 0.09622024), (7, 0.087340645), (10, 0.08183856), (1, 0.05355271), (4, 0.043293346), (3, 0.037911214), (0, 0.019929865)]
Emission ID: 356, Topics: [(10, 0.23497607), (3, 0.20661472), (11, 0.1833145), (7, 0.10641212), (2, 0.07961292), (5, 0.07587324), (4, 0.05467436), (6, 0.024577964), (8, 0.023123495)]
Emission ID: 357, Topics: [(2, 0.26720822), (10, 0.19174084), (5, 0.12071492), (11, 0.09890303), (6, 0.08552954), (3, 0.07226824), (1, 0.051430475), (8, 0.040240034), (4, 0.03657666), (9, 0.02052357), (7, 0.014691367)]
Emission ID: 358, Topics: [(2, 0.31943026), (11, 0.13867506), (6, 0.13810876), (10, 0.1148394), (3, 0.063919514), (5, 0.048777606), (7, 0.042796686), (9, 0.041574012), (1, 0.040642485), (8, 0.035661716), (4, 0.014300242)]
Emission ID: 359, Topics: [(1, 0.18761237), (10, 0.1668905), (11, 0.1460368), (8, 0.12588292), (2, 0.12210263), (5, 0.07130005), (3, 0.06539159), (6, 0.042955585), (7, 0.03723429), (9, 0.018026503), (0, 0.010039633)]
Emission ID: 360, Topics: [(2, 0.29447842), (11, 0.2250862), (1, 0.100979395), (5, 0.075034015), (8, 0.07397067), (10, 0.06415509), (6, 0.05152281), (3, 0.049925737), (7, 0.036093354), (9, 0.014988211), (4, 0.010665408)]
Emission ID: 361, Topics: [(5, 0.21631944), (8, 0.20484172), (1, 0.123995356), (2, 0.09376633), (11, 0.093500964), (3, 0.082747534), (10, 0.066731304), (6, 0.042779226), (7, 0.041315645), (9, 0.013944414), (0, 0.010179047)]
Emission ID: 362, Topics: [(11, 0.23290873), (2, 0.22402479), (6, 0.15434931), (5, 0.06907407), (1, 0.061599106), (10, 0.06125158), (8, 0.06017645), (7, 0.056010157), (3, 0.04056099), (4, 0.028300028), (9, 0.011633089)]
Emission ID: 363, Topics: [(5, 0.19692162), (10, 0.15240598), (7, 0.14787282), (11, 0.13003358), (2, 0.09687745), (3, 0.088954136), (6, 0.04726946), (1, 0.044076923), (8, 0.03391674), (4, 0.031753223), (9, 0.023353279)]
Emission ID: 364, Topics: [(6, 0.23814312), (2, 0.17355028), (3, 0.16849695), (7, 0.117245704), (5, 0.103971206), (4, 0.051540926), (11, 0.04366111), (10, 0.036441494), (8, 0.032540116), (9, 0.026368331)]
Emission ID: 365, Topics: [(2, 0.41354656), (10, 0.12885599), (11, 0.122687005), (5, 0.068494886), (1, 0.06718323), (3, 0.05380625), (7, 0.03747687), (6, 0.033369362), (8, 0.031927865), (0, 0.016079366), (9, 0.013383502), (4, 0.013189139)]
Emission ID: 366, Topics: [(5, 0.19308658), (10, 0.14306696), (8, 0.114494145), (0, 0.1084862), (11, 0.099001884), (3, 0.08383092), (2, 0.07939601), (1, 0.07074041), (6, 0.0463349), (7, 0.036145944), (9, 0.01441001), (4, 0.011006014)]
Emission ID: 367, Topics: [(5, 0.29711902), (8, 0.16937174), (2, 0.09595047), (11, 0.09479336), (10, 0.07874591), (3, 0.076921664), (1, 0.06255443), (6, 0.043017447), (7, 0.03237976), (0, 0.022459006), (9, 0.017914494)]
Emission ID: 368, Topics: [(11, 0.16031215), (2, 0.115080684), (10, 0.110390015), (6, 0.10740891), (3, 0.09940963), (7, 0.08721245), (5, 0.08461189), (8, 0.07897607), (1, 0.074916825), (0, 0.033531915), (9, 0.030904744), (4, 0.017244693)]
Emission ID: 369, Topics: [(2, 0.26833537), (6, 0.21562512), (4, 0.19626352), (3, 0.11027064), (7, 0.06503696), (1, 0.03109647), (9, 0.02972175), (0, 0.029195309), (5, 0.01640668), (10, 0.0148529615), (8, 0.014497026)]
Emission ID: 370, Topics: [(6, 0.7131115), (8, 0.12279213), (2, 0.078788996), (7, 0.066249)]
Emission ID: 371, Topics: [(11, 0.25956327), (2, 0.21285017), (10, 0.09712366), (6, 0.09430126), (7, 0.06980907), (1, 0.062635556), (5, 0.053701296), (3, 0.0523445), (9, 0.05189931), (8, 0.03465495), (4, 0.011086794)]
Emission ID: 372, Topics: [(5, 0.2751131), (8, 0.18524618), (10, 0.0928217), (11, 0.09109416), (3, 0.08685653), (1, 0.083196856), (2, 0.06918525), (6, 0.0451377), (7, 0.03410531), (0, 0.015094564), (9, 0.0115452595), (4, 0.01060341)]
Emission ID: 373, Topics: [(11, 0.2855865), (2, 0.19316071), (6, 0.15631825), (3, 0.09855919), (7, 0.0900174), (5, 0.044427793), (10, 0.041408826), (1, 0.037594423), (9, 0.031144975), (4, 0.01320353)]
Emission ID: 374, Topics: [(1, 0.26355806), (5, 0.17467158), (11, 0.13146026), (10, 0.09941419), (2, 0.093282044), (8, 0.083464615), (3, 0.050921615), (6, 0.046017706), (7, 0.031905312), (9, 0.010215124), (0, 0.01006601)]
Emission ID: 375, Topics: [(2, 0.25481835), (11, 0.21221891), (10, 0.1315704), (6, 0.09470655), (1, 0.07193691), (3, 0.071236864), (5, 0.059704024), (8, 0.05333594), (7, 0.030403841), (9, 0.01564042)]
Emission ID: 376, Topics: [(3, 0.21499261), (7, 0.18710893), (6, 0.17642896), (4, 0.11531701), (11, 0.09566078), (2, 0.07300471), (9, 0.061190628), (1, 0.034230262), (0, 0.023668488), (8, 0.012314766)]
Emission ID: 377, Topics: [(6, 0.36062142), (8, 0.14426744), (2, 0.14174043), (11, 0.100751124), (3, 0.08406919), (4, 0.06667957), (10, 0.052766997), (1, 0.044271927)]
Emission ID: 378, Topics: [(8, 0.28009275), (1, 0.12148436), (5, 0.11840463), (2, 0.11720048), (10, 0.08682733), (11, 0.07584876), (3, 0.06751645), (6, 0.04787491), (7, 0.035038855), (0, 0.021651862), (9, 0.017827265), (4, 0.010232355)]
Emission ID: 379, Topics: [(2, 0.42735672), (11, 0.16711059), (8, 0.06920781), (7, 0.059810765), (6, 0.05664436), (9, 0.053355634), (5, 0.044876426), (10, 0.04053169), (3, 0.037056163), (1, 0.036346436)]
Emission ID: 380, Topics: [(2, 0.30111346), (7, 0.29035524), (11, 0.13816103), (3, 0.078305766), (1, 0.053111576), (5, 0.045157693), (9, 0.037794743), (8, 0.036917966), (10, 0.016160106)]
Emission ID: 381, Topics: [(11, 0.3368101), (2, 0.2571248), (7, 0.09768712), (10, 0.07470666), (6, 0.059292097), (5, 0.041692376), (8, 0.035903256), (3, 0.03535604), (1, 0.02997934), (9, 0.020329697)]
Emission ID: 382, Topics: [(2, 0.1791037), (11, 0.14269444), (3, 0.12501964), (5, 0.11534853), (6, 0.08135442), (8, 0.0787996), (1, 0.07773834), (7, 0.05828803), (4, 0.055369552), (10, 0.054823995), (9, 0.023511954)]
Emission ID: 383, Topics: [(6, 0.27595124), (2, 0.21132858), (4, 0.14338759), (7, 0.12061716), (3, 0.06614479), (8, 0.06401693), (10, 0.053326376), (9, 0.019012101), (0, 0.018974401), (5, 0.015868017), (1, 0.011146363)]
Emission ID: 384, Topics: [(2, 0.44297323), (3, 0.16953996), (4, 0.089954086), (5, 0.080556825), (1, 0.06741594), (10, 0.058499523), (7, 0.048964873), (11, 0.032191776)]
Emission ID: 385, Topics: [(1, 0.1951623), (3, 0.15588167), (10, 0.14991002), (11, 0.10611471), (5, 0.1051616), (2, 0.07768319), (7, 0.06308434), (6, 0.043629494), (8, 0.03899428), (0, 0.032414474), (9, 0.019637775), (4, 0.012326141)]
Emission ID: 386, Topics: [(6, 0.38757277), (5, 0.14459749), (2, 0.09942488), (11, 0.09896631), (3, 0.0797308), (10, 0.049108695), (4, 0.036856838), (9, 0.03549443), (7, 0.033831213), (8, 0.018233823), (1, 0.016013999)]
Emission ID: 387, Topics: [(11, 0.4153149), (5, 0.12505925), (10, 0.11381944), (2, 0.07620679), (7, 0.07393016), (3, 0.07325523), (9, 0.039146602), (6, 0.02964664), (1, 0.026532859), (8, 0.023944946)]
Emission ID: 388, Topics: [(5, 0.19757622), (8, 0.15810499), (11, 0.110248186), (10, 0.10976134), (2, 0.093561016), (3, 0.08938589), (1, 0.08665312), (6, 0.059511155), (7, 0.046750207), (0, 0.02319423), (4, 0.012716773), (9, 0.012536884)]
Emission ID: 389, Topics: [(7, 0.42768073), (2, 0.18155348), (4, 0.18037158), (9, 0.09390543), (8, 0.05056612), (3, 0.026967468), (6, 0.026607625)]
Emission ID: 390, Topics: [(11, 0.46873167), (9, 0.09784268), (2, 0.09544533), (5, 0.09280896), (8, 0.07376934), (7, 0.06933495), (6, 0.041592), (10, 0.039047364), (4, 0.017122816)]
Emission ID: 391, Topics: [(2, 0.23839007), (6, 0.21661033), (4, 0.19933765), (3, 0.09165822), (0, 0.05244088), (7, 0.04029007), (9, 0.03925918), (1, 0.03569009), (10, 0.023477696), (8, 0.022637546), (5, 0.021177545), (11, 0.019030755)]
Emission ID: 392, Topics: [(8, 0.35618454), (5, 0.13942148), (10, 0.08840531), (2, 0.076481245), (11, 0.07458404), (6, 0.06892332), (3, 0.06571647), (1, 0.06533223), (7, 0.03927565), (9, 0.010644131)]
Emission ID: 393, Topics: [(2, 0.21686596), (7, 0.20695888), (11, 0.16191985), (10, 0.0752879), (5, 0.06738542), (6, 0.06639748), (3, 0.059958898), (4, 0.04407443), (9, 0.043388437), (8, 0.036765862), (1, 0.020950252)]
Emission ID: 394, Topics: [(6, 0.48383227), (2, 0.2861862), (3, 0.104115665), (1, 0.049482476), (9, 0.04937864)]
Emission ID: 395, Topics: [(11, 0.25581154), (2, 0.21788436), (6, 0.12764204), (10, 0.08128222), (7, 0.07899763), (1, 0.060137104), (9, 0.05960125), (3, 0.043568145), (5, 0.033127993), (8, 0.024496729)]
Emission ID: 396, Topics: [(2, 0.27028307), (10, 0.16368467), (11, 0.11999151), (5, 0.10091009), (3, 0.086763084), (1, 0.066829845), (8, 0.06586088), (6, 0.0569719), (7, 0.032197192), (9, 0.016618978), (4, 0.015884615)]
Emission ID: 397, Topics: [(8, 0.23302624), (5, 0.18844308), (3, 0.09733288), (10, 0.09536572), (11, 0.09244335), (2, 0.0880251), (1, 0.08664237), (7, 0.043918263), (6, 0.03982431), (0, 0.015481201), (4, 0.01050186)]